T = 1.0	 step = 1
1
73.06
9.650705563093622
[15.0, 15.0, 19.0, 17.0, 27.0, 23.0, 9.0, 13.0, 5.0, 11.0, 17.0, 5.0, 11.0, 23.0, 17.0, 23.0, 27.0, 35.0, 5.0, 11.0, 29.0, 23.0, 27.0, 19.0, 15.0, 5.0, 29.0, 11.0, 5.0, 5.0, 5.0, 5.0, 21.0, 23.0, 9.0, 9.0]
[25.0, 3.0, 3.0, 33.0, 11.0, 27.0, 15.0, 15.0, 15.0, 21.0, 13.0, 3.0, 31.0, 19.0, 9.0, 3.0, 7.0, 3.0, 33.0, 35.0, 3.0, 7.0, 23.0, 27.0, 21.0, 21.0, 15.0, 11.0, 11.0, 25.0, 29.0, 37.0, 23.0, 15.0, 7.0, 3.0]
T = 1.0	 step = 41
23
73.21000000000004
9.553893317503391
[15.0, 15.0, 18.0, 17.0, 27.0, 23.0, 9.0, 12.0, 5.0, 11.0, 17.0, 5.0, 11.0, 23.0, 18.0, 23.0, 27.0, 35.0, 5.0, 11.0, 29.0, 23.0, 27.0, 19.0, 15.0, 6.0, 29.0, 11.0, 5.0, 4.0, 5.0, 5.0, 21.0, 23.0, 9.0, 9.0]
[25.0, 3.0, 3.0, 33.0, 11.0, 27.0, 15.0, 15.0, 15.0, 21.0, 14.0, 3.0, 30.0, 20.0, 10.0, 2.0, 8.0, 3.0, 33.0, 35.0, 3.0, 7.0, 23.0, 27.0, 19.0, 21.0, 15.0, 11.0, 11.0, 25.0, 29.0, 37.0, 23.0, 15.0, 7.0, 4.0]
T = 0.8	 step = 81
23
73.21000000000004
9.553893317503391
[15.0, 15.0, 18.0, 17.0, 27.0, 23.0, 9.0, 12.0, 5.0, 11.0, 17.0, 5.0, 11.0, 23.0, 18.0, 23.0, 27.0, 35.0, 5.0, 11.0, 29.0, 23.0, 27.0, 19.0, 15.0, 6.0, 29.0, 11.0, 5.0, 4.0, 5.0, 5.0, 21.0, 23.0, 9.0, 9.0]
[25.0, 3.0, 3.0, 33.0, 11.0, 27.0, 15.0, 15.0, 15.0, 21.0, 14.0, 3.0, 30.0, 20.0, 10.0, 2.0, 8.0, 3.0, 33.0, 35.0, 3.0, 7.0, 23.0, 27.0, 19.0, 21.0, 15.0, 11.0, 11.0, 25.0, 29.0, 37.0, 23.0, 15.0, 7.0, 4.0]
T = 0.6400000000000001	 step = 121
23
73.21000000000004
9.553893317503391
[15.0, 15.0, 18.0, 17.0, 27.0, 23.0, 9.0, 12.0, 5.0, 11.0, 17.0, 5.0, 11.0, 23.0, 18.0, 23.0, 27.0, 35.0, 5.0, 11.0, 29.0, 23.0, 27.0, 19.0, 15.0, 6.0, 29.0, 11.0, 5.0, 4.0, 5.0, 5.0, 21.0, 23.0, 9.0, 9.0]
[25.0, 3.0, 3.0, 33.0, 11.0, 27.0, 15.0, 15.0, 15.0, 21.0, 14.0, 3.0, 30.0, 20.0, 10.0, 2.0, 8.0, 3.0, 33.0, 35.0, 3.0, 7.0, 23.0, 27.0, 19.0, 21.0, 15.0, 11.0, 11.0, 25.0, 29.0, 37.0, 23.0, 15.0, 7.0, 4.0]
T = 0.5120000000000001	 step = 161
23
73.21000000000004
9.553893317503391
[15.0, 15.0, 18.0, 17.0, 27.0, 23.0, 9.0, 12.0, 5.0, 11.0, 17.0, 5.0, 11.0, 23.0, 18.0, 23.0, 27.0, 35.0, 5.0, 11.0, 29.0, 23.0, 27.0, 19.0, 15.0, 6.0, 29.0, 11.0, 5.0, 4.0, 5.0, 5.0, 21.0, 23.0, 9.0, 9.0]
[25.0, 3.0, 3.0, 33.0, 11.0, 27.0, 15.0, 15.0, 15.0, 21.0, 14.0, 3.0, 30.0, 20.0, 10.0, 2.0, 8.0, 3.0, 33.0, 35.0, 3.0, 7.0, 23.0, 27.0, 19.0, 21.0, 15.0, 11.0, 11.0, 25.0, 29.0, 37.0, 23.0, 15.0, 7.0, 4.0]
T = 0.40960000000000013	 step = 201
23
73.21000000000004
9.553893317503391
[15.0, 15.0, 18.0, 17.0, 27.0, 23.0, 9.0, 12.0, 5.0, 11.0, 17.0, 5.0, 11.0, 23.0, 18.0, 23.0, 27.0, 35.0, 5.0, 11.0, 29.0, 23.0, 27.0, 19.0, 15.0, 6.0, 29.0, 11.0, 5.0, 4.0, 5.0, 5.0, 21.0, 23.0, 9.0, 9.0]
[25.0, 3.0, 3.0, 33.0, 11.0, 27.0, 15.0, 15.0, 15.0, 21.0, 14.0, 3.0, 30.0, 20.0, 10.0, 2.0, 8.0, 3.0, 33.0, 35.0, 3.0, 7.0, 23.0, 27.0, 19.0, 21.0, 15.0, 11.0, 11.0, 25.0, 29.0, 37.0, 23.0, 15.0, 7.0, 4.0]
T = 0.32768000000000014	 step = 241
23
73.21000000000004
9.553893317503391
[15.0, 15.0, 18.0, 17.0, 27.0, 23.0, 9.0, 12.0, 5.0, 11.0, 17.0, 5.0, 11.0, 23.0, 18.0, 23.0, 27.0, 35.0, 5.0, 11.0, 29.0, 23.0, 27.0, 19.0, 15.0, 6.0, 29.0, 11.0, 5.0, 4.0, 5.0, 5.0, 21.0, 23.0, 9.0, 9.0]
[25.0, 3.0, 3.0, 33.0, 11.0, 27.0, 15.0, 15.0, 15.0, 21.0, 14.0, 3.0, 30.0, 20.0, 10.0, 2.0, 8.0, 3.0, 33.0, 35.0, 3.0, 7.0, 23.0, 27.0, 19.0, 21.0, 15.0, 11.0, 11.0, 25.0, 29.0, 37.0, 23.0, 15.0, 7.0, 4.0]
T = 0.2621440000000001	 step = 281
23
73.21000000000004
9.553893317503391
[15.0, 15.0, 18.0, 17.0, 27.0, 23.0, 9.0, 12.0, 5.0, 11.0, 17.0, 5.0, 11.0, 23.0, 18.0, 23.0, 27.0, 35.0, 5.0, 11.0, 29.0, 23.0, 27.0, 19.0, 15.0, 6.0, 29.0, 11.0, 5.0, 4.0, 5.0, 5.0, 21.0, 23.0, 9.0, 9.0]
[25.0, 3.0, 3.0, 33.0, 11.0, 27.0, 15.0, 15.0, 15.0, 21.0, 14.0, 3.0, 30.0, 20.0, 10.0, 2.0, 8.0, 3.0, 33.0, 35.0, 3.0, 7.0, 23.0, 27.0, 19.0, 21.0, 15.0, 11.0, 11.0, 25.0, 29.0, 37.0, 23.0, 15.0, 7.0, 4.0]
T = 0.2097152000000001	 step = 321
23
73.21000000000004
9.553893317503391
[15.0, 15.0, 18.0, 17.0, 27.0, 23.0, 9.0, 12.0, 5.0, 11.0, 17.0, 5.0, 11.0, 23.0, 18.0, 23.0, 27.0, 35.0, 5.0, 11.0, 29.0, 23.0, 27.0, 19.0, 15.0, 6.0, 29.0, 11.0, 5.0, 4.0, 5.0, 5.0, 21.0, 23.0, 9.0, 9.0]
[25.0, 3.0, 3.0, 33.0, 11.0, 27.0, 15.0, 15.0, 15.0, 21.0, 14.0, 3.0, 30.0, 20.0, 10.0, 2.0, 8.0, 3.0, 33.0, 35.0, 3.0, 7.0, 23.0, 27.0, 19.0, 21.0, 15.0, 11.0, 11.0, 25.0, 29.0, 37.0, 23.0, 15.0, 7.0, 4.0]
T = 0.1677721600000001	 step = 361
23
73.21000000000004
9.553893317503391
[15.0, 15.0, 18.0, 17.0, 27.0, 23.0, 9.0, 12.0, 5.0, 11.0, 17.0, 5.0, 11.0, 23.0, 18.0, 23.0, 27.0, 35.0, 5.0, 11.0, 29.0, 23.0, 27.0, 19.0, 15.0, 6.0, 29.0, 11.0, 5.0, 4.0, 5.0, 5.0, 21.0, 23.0, 9.0, 9.0]
[25.0, 3.0, 3.0, 33.0, 11.0, 27.0, 15.0, 15.0, 15.0, 21.0, 14.0, 3.0, 30.0, 20.0, 10.0, 2.0, 8.0, 3.0, 33.0, 35.0, 3.0, 7.0, 23.0, 27.0, 19.0, 21.0, 15.0, 11.0, 11.0, 25.0, 29.0, 37.0, 23.0, 15.0, 7.0, 4.0]
T = 0.13421772800000006	 step = 401
23
73.21000000000004
9.553893317503391
[15.0, 15.0, 18.0, 17.0, 27.0, 23.0, 9.0, 12.0, 5.0, 11.0, 17.0, 5.0, 11.0, 23.0, 18.0, 23.0, 27.0, 35.0, 5.0, 11.0, 29.0, 23.0, 27.0, 19.0, 15.0, 6.0, 29.0, 11.0, 5.0, 4.0, 5.0, 5.0, 21.0, 23.0, 9.0, 9.0]
[25.0, 3.0, 3.0, 33.0, 11.0, 27.0, 15.0, 15.0, 15.0, 21.0, 14.0, 3.0, 30.0, 20.0, 10.0, 2.0, 8.0, 3.0, 33.0, 35.0, 3.0, 7.0, 23.0, 27.0, 19.0, 21.0, 15.0, 11.0, 11.0, 25.0, 29.0, 37.0, 23.0, 15.0, 7.0, 4.0]
T = 0.10737418240000006	 step = 441
23
73.21000000000004
9.553893317503391
[15.0, 15.0, 18.0, 17.0, 27.0, 23.0, 9.0, 12.0, 5.0, 11.0, 17.0, 5.0, 11.0, 23.0, 18.0, 23.0, 27.0, 35.0, 5.0, 11.0, 29.0, 23.0, 27.0, 19.0, 15.0, 6.0, 29.0, 11.0, 5.0, 4.0, 5.0, 5.0, 21.0, 23.0, 9.0, 9.0]
[25.0, 3.0, 3.0, 33.0, 11.0, 27.0, 15.0, 15.0, 15.0, 21.0, 14.0, 3.0, 30.0, 20.0, 10.0, 2.0, 8.0, 3.0, 33.0, 35.0, 3.0, 7.0, 23.0, 27.0, 19.0, 21.0, 15.0, 11.0, 11.0, 25.0, 29.0, 37.0, 23.0, 15.0, 7.0, 4.0]
T = 0.08589934592000005	 step = 481
23
73.21000000000004
9.553893317503391
[15.0, 15.0, 18.0, 17.0, 27.0, 23.0, 9.0, 12.0, 5.0, 11.0, 17.0, 5.0, 11.0, 23.0, 18.0, 23.0, 27.0, 35.0, 5.0, 11.0, 29.0, 23.0, 27.0, 19.0, 15.0, 6.0, 29.0, 11.0, 5.0, 4.0, 5.0, 5.0, 21.0, 23.0, 9.0, 9.0]
[25.0, 3.0, 3.0, 33.0, 11.0, 27.0, 15.0, 15.0, 15.0, 21.0, 14.0, 3.0, 30.0, 20.0, 10.0, 2.0, 8.0, 3.0, 33.0, 35.0, 3.0, 7.0, 23.0, 27.0, 19.0, 21.0, 15.0, 11.0, 11.0, 25.0, 29.0, 37.0, 23.0, 15.0, 7.0, 4.0]
T = 0.06871947673600004	 step = 521
23
73.21000000000004
9.553893317503391
[15.0, 15.0, 18.0, 17.0, 27.0, 23.0, 9.0, 12.0, 5.0, 11.0, 17.0, 5.0, 11.0, 23.0, 18.0, 23.0, 27.0, 35.0, 5.0, 11.0, 29.0, 23.0, 27.0, 19.0, 15.0, 6.0, 29.0, 11.0, 5.0, 4.0, 5.0, 5.0, 21.0, 23.0, 9.0, 9.0]
[25.0, 3.0, 3.0, 33.0, 11.0, 27.0, 15.0, 15.0, 15.0, 21.0, 14.0, 3.0, 30.0, 20.0, 10.0, 2.0, 8.0, 3.0, 33.0, 35.0, 3.0, 7.0, 23.0, 27.0, 19.0, 21.0, 15.0, 11.0, 11.0, 25.0, 29.0, 37.0, 23.0, 15.0, 7.0, 4.0]
T = 0.054975581388800036	 step = 561
23
73.21000000000004
9.553893317503391
[15.0, 15.0, 18.0, 17.0, 27.0, 23.0, 9.0, 12.0, 5.0, 11.0, 17.0, 5.0, 11.0, 23.0, 18.0, 23.0, 27.0, 35.0, 5.0, 11.0, 29.0, 23.0, 27.0, 19.0, 15.0, 6.0, 29.0, 11.0, 5.0, 4.0, 5.0, 5.0, 21.0, 23.0, 9.0, 9.0]
[25.0, 3.0, 3.0, 33.0, 11.0, 27.0, 15.0, 15.0, 15.0, 21.0, 14.0, 3.0, 30.0, 20.0, 10.0, 2.0, 8.0, 3.0, 33.0, 35.0, 3.0, 7.0, 23.0, 27.0, 19.0, 21.0, 15.0, 11.0, 11.0, 25.0, 29.0, 37.0, 23.0, 15.0, 7.0, 4.0]
T = 0.043980465111040035	 step = 601
23
73.21000000000004
9.553893317503391
[15.0, 15.0, 18.0, 17.0, 27.0, 23.0, 9.0, 12.0, 5.0, 11.0, 17.0, 5.0, 11.0, 23.0, 18.0, 23.0, 27.0, 35.0, 5.0, 11.0, 29.0, 23.0, 27.0, 19.0, 15.0, 6.0, 29.0, 11.0, 5.0, 4.0, 5.0, 5.0, 21.0, 23.0, 9.0, 9.0]
[25.0, 3.0, 3.0, 33.0, 11.0, 27.0, 15.0, 15.0, 15.0, 21.0, 14.0, 3.0, 30.0, 20.0, 10.0, 2.0, 8.0, 3.0, 33.0, 35.0, 3.0, 7.0, 23.0, 27.0, 19.0, 21.0, 15.0, 11.0, 11.0, 25.0, 29.0, 37.0, 23.0, 15.0, 7.0, 4.0]
T = 0.03518437208883203	 step = 641
23
73.21000000000004
9.553893317503391
[15.0, 15.0, 18.0, 17.0, 27.0, 23.0, 9.0, 12.0, 5.0, 11.0, 17.0, 5.0, 11.0, 23.0, 18.0, 23.0, 27.0, 35.0, 5.0, 11.0, 29.0, 23.0, 27.0, 19.0, 15.0, 6.0, 29.0, 11.0, 5.0, 4.0, 5.0, 5.0, 21.0, 23.0, 9.0, 9.0]
[25.0, 3.0, 3.0, 33.0, 11.0, 27.0, 15.0, 15.0, 15.0, 21.0, 14.0, 3.0, 30.0, 20.0, 10.0, 2.0, 8.0, 3.0, 33.0, 35.0, 3.0, 7.0, 23.0, 27.0, 19.0, 21.0, 15.0, 11.0, 11.0, 25.0, 29.0, 37.0, 23.0, 15.0, 7.0, 4.0]
T = 0.028147497671065627	 step = 681
23
73.21000000000004
9.553893317503391
[15.0, 15.0, 18.0, 17.0, 27.0, 23.0, 9.0, 12.0, 5.0, 11.0, 17.0, 5.0, 11.0, 23.0, 18.0, 23.0, 27.0, 35.0, 5.0, 11.0, 29.0, 23.0, 27.0, 19.0, 15.0, 6.0, 29.0, 11.0, 5.0, 4.0, 5.0, 5.0, 21.0, 23.0, 9.0, 9.0]
[25.0, 3.0, 3.0, 33.0, 11.0, 27.0, 15.0, 15.0, 15.0, 21.0, 14.0, 3.0, 30.0, 20.0, 10.0, 2.0, 8.0, 3.0, 33.0, 35.0, 3.0, 7.0, 23.0, 27.0, 19.0, 21.0, 15.0, 11.0, 11.0, 25.0, 29.0, 37.0, 23.0, 15.0, 7.0, 4.0]
T = 0.022517998136852502	 step = 721
23
73.21000000000004
9.553893317503391
[15.0, 15.0, 18.0, 17.0, 27.0, 23.0, 9.0, 12.0, 5.0, 11.0, 17.0, 5.0, 11.0, 23.0, 18.0, 23.0, 27.0, 35.0, 5.0, 11.0, 29.0, 23.0, 27.0, 19.0, 15.0, 6.0, 29.0, 11.0, 5.0, 4.0, 5.0, 5.0, 21.0, 23.0, 9.0, 9.0]
[25.0, 3.0, 3.0, 33.0, 11.0, 27.0, 15.0, 15.0, 15.0, 21.0, 14.0, 3.0, 30.0, 20.0, 10.0, 2.0, 8.0, 3.0, 33.0, 35.0, 3.0, 7.0, 23.0, 27.0, 19.0, 21.0, 15.0, 11.0, 11.0, 25.0, 29.0, 37.0, 23.0, 15.0, 7.0, 4.0]
T = 0.018014398509482003	 step = 761
23
73.21000000000004
9.553893317503391
[15.0, 15.0, 18.0, 17.0, 27.0, 23.0, 9.0, 12.0, 5.0, 11.0, 17.0, 5.0, 11.0, 23.0, 18.0, 23.0, 27.0, 35.0, 5.0, 11.0, 29.0, 23.0, 27.0, 19.0, 15.0, 6.0, 29.0, 11.0, 5.0, 4.0, 5.0, 5.0, 21.0, 23.0, 9.0, 9.0]
[25.0, 3.0, 3.0, 33.0, 11.0, 27.0, 15.0, 15.0, 15.0, 21.0, 14.0, 3.0, 30.0, 20.0, 10.0, 2.0, 8.0, 3.0, 33.0, 35.0, 3.0, 7.0, 23.0, 27.0, 19.0, 21.0, 15.0, 11.0, 11.0, 25.0, 29.0, 37.0, 23.0, 15.0, 7.0, 4.0]
T = 0.014411518807585602	 step = 801
23
73.21000000000004
9.553893317503391
[15.0, 15.0, 18.0, 17.0, 27.0, 23.0, 9.0, 12.0, 5.0, 11.0, 17.0, 5.0, 11.0, 23.0, 18.0, 23.0, 27.0, 35.0, 5.0, 11.0, 29.0, 23.0, 27.0, 19.0, 15.0, 6.0, 29.0, 11.0, 5.0, 4.0, 5.0, 5.0, 21.0, 23.0, 9.0, 9.0]
[25.0, 3.0, 3.0, 33.0, 11.0, 27.0, 15.0, 15.0, 15.0, 21.0, 14.0, 3.0, 30.0, 20.0, 10.0, 2.0, 8.0, 3.0, 33.0, 35.0, 3.0, 7.0, 23.0, 27.0, 19.0, 21.0, 15.0, 11.0, 11.0, 25.0, 29.0, 37.0, 23.0, 15.0, 7.0, 4.0]
T = 0.011529215046068483	 step = 841
23
73.21000000000004
9.553893317503391
[15.0, 15.0, 18.0, 17.0, 27.0, 23.0, 9.0, 12.0, 5.0, 11.0, 17.0, 5.0, 11.0, 23.0, 18.0, 23.0, 27.0, 35.0, 5.0, 11.0, 29.0, 23.0, 27.0, 19.0, 15.0, 6.0, 29.0, 11.0, 5.0, 4.0, 5.0, 5.0, 21.0, 23.0, 9.0, 9.0]
[25.0, 3.0, 3.0, 33.0, 11.0, 27.0, 15.0, 15.0, 15.0, 21.0, 14.0, 3.0, 30.0, 20.0, 10.0, 2.0, 8.0, 3.0, 33.0, 35.0, 3.0, 7.0, 23.0, 27.0, 19.0, 21.0, 15.0, 11.0, 11.0, 25.0, 29.0, 37.0, 23.0, 15.0, 7.0, 4.0]
