T = 1.0	 step = 1
1
115.91000000000003
10.74028409090909
[20.0, 20.0, 8.0, 30.0, 8.0, 20.0, 8.0, 30.0]
[7.0, 19.0, 19.0, 19.0, 7.0, 31.0, 29.0, 7.0]
T = 1.0	 step = 40
37
111.73000000000002
18.921325757575755
[8.0, 19.0, 8.0, 33.0, 31.0, 20.0, 6.0, 31.0]
[6.0, 19.0, 19.0, 21.0, 33.0, 30.0, 31.0, 8.0]
T = 0.8	 step = 79
79
108.76000000000005
20.647395833333334
[18.0, 26.0, 8.0, 5.0, 32.0, 21.0, 7.0, 29.0]
[6.0, 21.0, 18.0, 6.0, 33.0, 32.0, 32.0, 8.0]
T = 0.6400000000000001	 step = 118
81
108.76000000000005
20.647395833333334
[18.0, 26.0, 8.0, 5.0, 32.0, 21.0, 7.0, 29.0]
[6.0, 21.0, 18.0, 6.0, 33.0, 32.0, 32.0, 8.0]
T = 0.5120000000000001	 step = 157
81
108.76000000000005
20.647395833333334
[18.0, 26.0, 8.0, 5.0, 32.0, 21.0, 7.0, 29.0]
[6.0, 21.0, 18.0, 6.0, 33.0, 32.0, 32.0, 8.0]
T = 0.40960000000000013	 step = 196
159
108.83000000000004
20.200473484848484
[20.0, 21.0, 5.0, 5.0, 33.0, 22.0, 11.0, 33.0]
[6.0, 19.0, 18.0, 6.0, 31.0, 31.0, 30.0, 14.0]
T = 0.32768000000000014	 step = 235
159
108.83000000000004
20.200473484848484
[20.0, 21.0, 5.0, 5.0, 33.0, 22.0, 11.0, 33.0]
[6.0, 19.0, 18.0, 6.0, 31.0, 31.0, 30.0, 14.0]
T = 0.2621440000000001	 step = 274
263
105.32000000000005
27.193172348484847
[23.0, 33.0, 7.0, 8.0, 8.0, 21.0, 20.0, 33.0]
[5.0, 20.0, 20.0, 6.0, 31.0, 27.0, 15.0, 32.0]
T = 0.2097152000000001	 step = 313
263
105.32000000000005
27.193172348484847
[23.0, 33.0, 7.0, 8.0, 8.0, 21.0, 20.0, 33.0]
[5.0, 20.0, 20.0, 6.0, 31.0, 27.0, 15.0, 32.0]
T = 0.1677721600000001	 step = 352
263
105.32000000000005
27.193172348484847
[23.0, 33.0, 7.0, 8.0, 8.0, 21.0, 20.0, 33.0]
[5.0, 20.0, 20.0, 6.0, 31.0, 27.0, 15.0, 32.0]
T = 0.13421772800000006	 step = 391
263
105.32000000000005
27.193172348484847
[23.0, 33.0, 7.0, 8.0, 8.0, 21.0, 20.0, 33.0]
[5.0, 20.0, 20.0, 6.0, 31.0, 27.0, 15.0, 32.0]
T = 0.10737418240000006	 step = 430
405
105.32000000000005
23.78964962121212
[11.0, 34.0, 32.0, 8.0, 9.0, 22.0, 20.0, 33.0]
[5.0, 17.0, 5.0, 16.0, 27.0, 27.0, 15.0, 29.0]
T = 0.08589934592000005	 step = 469
405
105.32000000000005
23.78964962121212
[11.0, 34.0, 32.0, 8.0, 9.0, 22.0, 20.0, 33.0]
[5.0, 17.0, 5.0, 16.0, 27.0, 27.0, 15.0, 29.0]
T = 0.06871947673600004	 step = 508
505
104.53000000000003
25.489517045454544
[9.0, 34.0, 31.0, 7.0, 6.0, 19.0, 23.0, 32.0]
[5.0, 17.0, 5.0, 16.0, 28.0, 32.0, 18.0, 29.0]
T = 0.054975581388800036	 step = 547
505
104.53000000000003
25.489517045454544
[9.0, 34.0, 31.0, 7.0, 6.0, 19.0, 23.0, 32.0]
[5.0, 17.0, 5.0, 16.0, 28.0, 32.0, 18.0, 29.0]
T = 0.043980465111040035	 step = 586
505
104.53000000000003
25.489517045454544
[9.0, 34.0, 31.0, 7.0, 6.0, 19.0, 23.0, 32.0]
[5.0, 17.0, 5.0, 16.0, 28.0, 32.0, 18.0, 29.0]
T = 0.03518437208883203	 step = 625
505
104.53000000000003
25.489517045454544
[9.0, 34.0, 31.0, 7.0, 6.0, 19.0, 23.0, 32.0]
[5.0, 17.0, 5.0, 16.0, 28.0, 32.0, 18.0, 29.0]
T = 0.028147497671065627	 step = 664
505
104.53000000000003
25.489517045454544
[9.0, 34.0, 31.0, 7.0, 6.0, 19.0, 23.0, 32.0]
[5.0, 17.0, 5.0, 16.0, 28.0, 32.0, 18.0, 29.0]
T = 0.022517998136852502	 step = 703
701
102.90000000000003
25.861969696969695
[6.0, 34.0, 30.0, 8.0, 7.0, 20.0, 24.0, 33.0]
[6.0, 18.0, 5.0, 21.0, 33.0, 33.0, 16.0, 32.0]
T = 0.018014398509482003	 step = 742
701
102.90000000000003
25.861969696969695
[6.0, 34.0, 30.0, 8.0, 7.0, 20.0, 24.0, 33.0]
[6.0, 18.0, 5.0, 21.0, 33.0, 33.0, 16.0, 32.0]
T = 0.014411518807585602	 step = 781
761
102.85000000000002
25.847698863636364
[8.0, 33.0, 32.0, 6.0, 7.0, 19.0, 20.0, 30.0]
[5.0, 18.0, 5.0, 21.0, 33.0, 33.0, 8.0, 33.0]
T = 0.011529215046068483	 step = 820
815
102.68
24.845331439393938
[9.0, 33.0, 32.0, 5.0, 8.0, 19.0, 20.0, 30.0]
[5.0, 19.0, 5.0, 20.0, 31.0, 32.0, 9.0, 29.0]
