T = 1.0	 step = 1
1
103.43
16.433603515625
[20.0, 4.0, 28.0, 12.0, 48.0, 36.0, 28.0, 44.0, 18.0, 34.0, 38.0, 18.0, 8.0, 22.0, 44.0, 8.0, 6.0, 6.0, 30.0, 42.0]
[25.0, 25.0, 15.0, 25.0, 3.0, 27.0, 23.0, 27.0, 35.0, 5.0, 17.0, 15.0, 47.0, 5.0, 37.0, 5.0, 35.0, 15.0, 37.0, 47.0]
T = 1.0	 step = 54
19
99.58000000000004
17.481724076704545
[25.0, 4.0, 28.0, 12.0, 48.0, 36.0, 27.0, 43.0, 17.0, 34.0, 45.0, 18.0, 8.0, 21.0, 44.0, 7.0, 6.0, 7.0, 30.0, 43.0]
[48.0, 25.0, 15.0, 25.0, 4.0, 27.0, 24.0, 27.0, 35.0, 5.0, 14.0, 16.0, 48.0, 5.0, 37.0, 5.0, 35.0, 15.0, 37.0, 47.0]
T = 0.8	 step = 107
19
99.58000000000004
17.481724076704545
[25.0, 4.0, 28.0, 12.0, 48.0, 36.0, 27.0, 43.0, 17.0, 34.0, 45.0, 18.0, 8.0, 21.0, 44.0, 7.0, 6.0, 7.0, 30.0, 43.0]
[48.0, 25.0, 15.0, 25.0, 4.0, 27.0, 24.0, 27.0, 35.0, 5.0, 14.0, 16.0, 48.0, 5.0, 37.0, 5.0, 35.0, 15.0, 37.0, 47.0]
T = 0.6400000000000001	 step = 160
19
99.58000000000004
17.481724076704545
[25.0, 4.0, 28.0, 12.0, 48.0, 36.0, 27.0, 43.0, 17.0, 34.0, 45.0, 18.0, 8.0, 21.0, 44.0, 7.0, 6.0, 7.0, 30.0, 43.0]
[48.0, 25.0, 15.0, 25.0, 4.0, 27.0, 24.0, 27.0, 35.0, 5.0, 14.0, 16.0, 48.0, 5.0, 37.0, 5.0, 35.0, 15.0, 37.0, 47.0]
T = 0.5120000000000001	 step = 213
19
99.58000000000004
17.481724076704545
[25.0, 4.0, 28.0, 12.0, 48.0, 36.0, 27.0, 43.0, 17.0, 34.0, 45.0, 18.0, 8.0, 21.0, 44.0, 7.0, 6.0, 7.0, 30.0, 43.0]
[48.0, 25.0, 15.0, 25.0, 4.0, 27.0, 24.0, 27.0, 35.0, 5.0, 14.0, 16.0, 48.0, 5.0, 37.0, 5.0, 35.0, 15.0, 37.0, 47.0]
T = 0.40960000000000013	 step = 266
19
99.58000000000004
17.481724076704545
[25.0, 4.0, 28.0, 12.0, 48.0, 36.0, 27.0, 43.0, 17.0, 34.0, 45.0, 18.0, 8.0, 21.0, 44.0, 7.0, 6.0, 7.0, 30.0, 43.0]
[48.0, 25.0, 15.0, 25.0, 4.0, 27.0, 24.0, 27.0, 35.0, 5.0, 14.0, 16.0, 48.0, 5.0, 37.0, 5.0, 35.0, 15.0, 37.0, 47.0]
T = 0.32768000000000014	 step = 319
19
99.58000000000004
17.481724076704545
[25.0, 4.0, 28.0, 12.0, 48.0, 36.0, 27.0, 43.0, 17.0, 34.0, 45.0, 18.0, 8.0, 21.0, 44.0, 7.0, 6.0, 7.0, 30.0, 43.0]
[48.0, 25.0, 15.0, 25.0, 4.0, 27.0, 24.0, 27.0, 35.0, 5.0, 14.0, 16.0, 48.0, 5.0, 37.0, 5.0, 35.0, 15.0, 37.0, 47.0]
T = 0.2621440000000001	 step = 372
19
99.58000000000004
17.481724076704545
[25.0, 4.0, 28.0, 12.0, 48.0, 36.0, 27.0, 43.0, 17.0, 34.0, 45.0, 18.0, 8.0, 21.0, 44.0, 7.0, 6.0, 7.0, 30.0, 43.0]
[48.0, 25.0, 15.0, 25.0, 4.0, 27.0, 24.0, 27.0, 35.0, 5.0, 14.0, 16.0, 48.0, 5.0, 37.0, 5.0, 35.0, 15.0, 37.0, 47.0]
T = 0.2097152000000001	 step = 425
19
99.58000000000004
17.481724076704545
[25.0, 4.0, 28.0, 12.0, 48.0, 36.0, 27.0, 43.0, 17.0, 34.0, 45.0, 18.0, 8.0, 21.0, 44.0, 7.0, 6.0, 7.0, 30.0, 43.0]
[48.0, 25.0, 15.0, 25.0, 4.0, 27.0, 24.0, 27.0, 35.0, 5.0, 14.0, 16.0, 48.0, 5.0, 37.0, 5.0, 35.0, 15.0, 37.0, 47.0]
T = 0.1677721600000001	 step = 478
19
99.58000000000004
17.481724076704545
[25.0, 4.0, 28.0, 12.0, 48.0, 36.0, 27.0, 43.0, 17.0, 34.0, 45.0, 18.0, 8.0, 21.0, 44.0, 7.0, 6.0, 7.0, 30.0, 43.0]
[48.0, 25.0, 15.0, 25.0, 4.0, 27.0, 24.0, 27.0, 35.0, 5.0, 14.0, 16.0, 48.0, 5.0, 37.0, 5.0, 35.0, 15.0, 37.0, 47.0]
T = 0.13421772800000006	 step = 531
508
97.52000000000004
21.80818892045454
[49.0, 5.0, 18.0, 16.0, 38.0, 27.0, 26.0, 33.0, 17.0, 34.0, 45.0, 17.0, 7.0, 22.0, 48.0, 8.0, 6.0, 6.0, 30.0, 46.0]
[22.0, 27.0, 49.0, 26.0, 26.0, 23.0, 48.0, 48.0, 38.0, 9.0, 11.0, 17.0, 48.0, 5.0, 33.0, 6.0, 36.0, 16.0, 36.0, 47.0]
T = 0.10737418240000006	 step = 584
508
97.52000000000004
21.80818892045454
[49.0, 5.0, 18.0, 16.0, 38.0, 27.0, 26.0, 33.0, 17.0, 34.0, 45.0, 17.0, 7.0, 22.0, 48.0, 8.0, 6.0, 6.0, 30.0, 46.0]
[22.0, 27.0, 49.0, 26.0, 26.0, 23.0, 48.0, 48.0, 38.0, 9.0, 11.0, 17.0, 48.0, 5.0, 33.0, 6.0, 36.0, 16.0, 36.0, 47.0]
T = 0.08589934592000005	 step = 637
508
97.52000000000004
21.80818892045454
[49.0, 5.0, 18.0, 16.0, 38.0, 27.0, 26.0, 33.0, 17.0, 34.0, 45.0, 17.0, 7.0, 22.0, 48.0, 8.0, 6.0, 6.0, 30.0, 46.0]
[22.0, 27.0, 49.0, 26.0, 26.0, 23.0, 48.0, 48.0, 38.0, 9.0, 11.0, 17.0, 48.0, 5.0, 33.0, 6.0, 36.0, 16.0, 36.0, 47.0]
T = 0.06871947673600004	 step = 690
508
97.52000000000004
21.80818892045454
[49.0, 5.0, 18.0, 16.0, 38.0, 27.0, 26.0, 33.0, 17.0, 34.0, 45.0, 17.0, 7.0, 22.0, 48.0, 8.0, 6.0, 6.0, 30.0, 46.0]
[22.0, 27.0, 49.0, 26.0, 26.0, 23.0, 48.0, 48.0, 38.0, 9.0, 11.0, 17.0, 48.0, 5.0, 33.0, 6.0, 36.0, 16.0, 36.0, 47.0]
T = 0.054975581388800036	 step = 743
508
97.52000000000004
21.80818892045454
[49.0, 5.0, 18.0, 16.0, 38.0, 27.0, 26.0, 33.0, 17.0, 34.0, 45.0, 17.0, 7.0, 22.0, 48.0, 8.0, 6.0, 6.0, 30.0, 46.0]
[22.0, 27.0, 49.0, 26.0, 26.0, 23.0, 48.0, 48.0, 38.0, 9.0, 11.0, 17.0, 48.0, 5.0, 33.0, 6.0, 36.0, 16.0, 36.0, 47.0]
T = 0.043980465111040035	 step = 796
508
97.52000000000004
21.80818892045454
[49.0, 5.0, 18.0, 16.0, 38.0, 27.0, 26.0, 33.0, 17.0, 34.0, 45.0, 17.0, 7.0, 22.0, 48.0, 8.0, 6.0, 6.0, 30.0, 46.0]
[22.0, 27.0, 49.0, 26.0, 26.0, 23.0, 48.0, 48.0, 38.0, 9.0, 11.0, 17.0, 48.0, 5.0, 33.0, 6.0, 36.0, 16.0, 36.0, 47.0]
T = 0.03518437208883203	 step = 849
508
97.52000000000004
21.80818892045454
[49.0, 5.0, 18.0, 16.0, 38.0, 27.0, 26.0, 33.0, 17.0, 34.0, 45.0, 17.0, 7.0, 22.0, 48.0, 8.0, 6.0, 6.0, 30.0, 46.0]
[22.0, 27.0, 49.0, 26.0, 26.0, 23.0, 48.0, 48.0, 38.0, 9.0, 11.0, 17.0, 48.0, 5.0, 33.0, 6.0, 36.0, 16.0, 36.0, 47.0]
T = 0.028147497671065627	 step = 902
508
97.52000000000004
21.80818892045454
[49.0, 5.0, 18.0, 16.0, 38.0, 27.0, 26.0, 33.0, 17.0, 34.0, 45.0, 17.0, 7.0, 22.0, 48.0, 8.0, 6.0, 6.0, 30.0, 46.0]
[22.0, 27.0, 49.0, 26.0, 26.0, 23.0, 48.0, 48.0, 38.0, 9.0, 11.0, 17.0, 48.0, 5.0, 33.0, 6.0, 36.0, 16.0, 36.0, 47.0]
T = 0.022517998136852502	 step = 955
949
97.36000000000001
22.004320401278406
[16.0, 17.0, 45.0, 37.0, 37.0, 5.0, 24.0, 33.0, 17.0, 32.0, 47.0, 19.0, 7.0, 22.0, 46.0, 9.0, 6.0, 6.0, 28.0, 44.0]
[25.0, 46.0, 21.0, 35.0, 27.0, 25.0, 46.0, 46.0, 36.0, 15.0, 6.0, 15.0, 47.0, 5.0, 31.0, 5.0, 36.0, 15.0, 36.0, 46.0]
T = 0.018014398509482003	 step = 1008
985
97.24000000000001
21.70099653764204
[15.0, 17.0, 44.0, 38.0, 37.0, 5.0, 24.0, 32.0, 17.0, 33.0, 47.0, 19.0, 7.0, 23.0, 46.0, 9.0, 6.0, 6.0, 28.0, 45.0]
[26.0, 46.0, 21.0, 35.0, 27.0, 26.0, 46.0, 47.0, 36.0, 15.0, 7.0, 15.0, 48.0, 5.0, 31.0, 5.0, 37.0, 16.0, 36.0, 46.0]
T = 0.014411518807585602	 step = 1061
1056
97.22000000000003
21.57599653764204
[14.0, 17.0, 45.0, 38.0, 38.0, 6.0, 26.0, 34.0, 17.0, 33.0, 46.0, 17.0, 7.0, 25.0, 46.0, 8.0, 6.0, 6.0, 29.0, 46.0]
[26.0, 45.0, 21.0, 35.0, 26.0, 27.0, 47.0, 47.0, 36.0, 15.0, 7.0, 16.0, 48.0, 5.0, 32.0, 5.0, 37.0, 17.0, 36.0, 46.0]
T = 0.011529215046068483	 step = 1114
1085
97.06
21.15154563210227
[13.0, 17.0, 45.0, 38.0, 38.0, 6.0, 26.0, 35.0, 17.0, 33.0, 46.0, 17.0, 7.0, 25.0, 47.0, 10.0, 6.0, 6.0, 28.0, 45.0]
[27.0, 46.0, 20.0, 33.0, 26.0, 27.0, 47.0, 47.0, 36.0, 15.0, 7.0, 15.0, 48.0, 5.0, 32.0, 5.0, 37.0, 16.0, 35.0, 47.0]
