T = 1.0	 step = 1
1
102.61000000000001
25.560812973484843
[31.0, 23.0, 19.0, 15.0, 7.0, 15.0, 60.0, 8.0, 28.0, 8.0, 24.0, 32.0, 8.0, 8.0, 40.0, 50.0, 36.0, 20.0, 24.0, 52.0, 42.0, 50.0, 10.0, 24.0, 20.0, 31.0, 18.0, 31.0, 19.0, 15.0, 67.0, 15.0, 7.0, 11.0, 26.0, 15.0, 34.0, 31.0, 15.0, 19.0, 14.0, 36.0, 33.0, 44.0, 15.0, 40.0, 11.0, 18.0, 15.0, 10.0, 7.0, 15.0, 15.0, 15.0, 11.0, 11.0, 15.0, 19.0, 27.0, 19.0, 15.0]
[3.0, 11.0, 31.0, 57.0, 11.0, 15.0, 4.0, 28.0, 18.0, 4.0, 34.0, 30.0, 36.0, 44.0, 18.0, 20.0, 40.0, 64.0, 44.0, 8.0, 8.0, 32.0, 66.0, 4.0, 24.0, 12.0, 3.0, 8.0, 18.0, 10.0, 2.0, 28.0, 50.0, 18.0, 25.0, 40.0, 3.0, 24.0, 48.0, 36.0, 37.0, 49.0, 48.0, 39.0, 52.0, 49.0, 10.0, 11.0, 44.0, 51.0, 16.0, 2.0, 20.0, 6.0, 14.0, 22.0, 32.0, 14.0, 28.0, 6.0, 24.0]
T = 1.0	 step = 75
75
101.37
31.157659564393935
[30.0, 23.0, 19.0, 62.0, 70.0, 13.0, 60.0, 8.0, 28.0, 9.0, 24.0, 32.0, 8.0, 6.0, 40.0, 51.0, 36.0, 19.0, 25.0, 52.0, 42.0, 50.0, 9.0, 25.0, 20.0, 31.0, 28.0, 31.0, 18.0, 14.0, 67.0, 15.0, 7.0, 12.0, 26.0, 15.0, 35.0, 31.0, 15.0, 19.0, 14.0, 36.0, 32.0, 45.0, 56.0, 40.0, 10.0, 17.0, 13.0, 10.0, 7.0, 68.0, 15.0, 15.0, 72.0, 48.0, 16.0, 19.0, 27.0, 19.0, 15.0]
[3.0, 11.0, 32.0, 50.0, 44.0, 14.0, 4.0, 28.0, 18.0, 4.0, 33.0, 31.0, 37.0, 44.0, 17.0, 20.0, 41.0, 64.0, 44.0, 8.0, 7.0, 32.0, 66.0, 4.0, 25.0, 11.0, 57.0, 8.0, 18.0, 10.0, 2.0, 29.0, 49.0, 19.0, 24.0, 40.0, 4.0, 24.0, 48.0, 36.0, 37.0, 50.0, 48.0, 39.0, 43.0, 50.0, 9.0, 10.0, 45.0, 51.0, 16.0, 9.0, 20.0, 6.0, 60.0, 48.0, 32.0, 14.0, 28.0, 6.0, 24.0]
T = 0.8	 step = 149
103
101.14000000000004
30.953292613636354
[30.0, 23.0, 19.0, 63.0, 70.0, 14.0, 60.0, 8.0, 28.0, 7.0, 24.0, 32.0, 7.0, 6.0, 40.0, 50.0, 36.0, 19.0, 24.0, 52.0, 42.0, 50.0, 9.0, 25.0, 20.0, 32.0, 28.0, 31.0, 18.0, 14.0, 66.0, 63.0, 7.0, 12.0, 26.0, 16.0, 34.0, 31.0, 18.0, 19.0, 14.0, 36.0, 32.0, 45.0, 56.0, 40.0, 10.0, 17.0, 33.0, 10.0, 49.0, 68.0, 15.0, 15.0, 72.0, 47.0, 16.0, 19.0, 27.0, 19.0, 15.0]
[3.0, 11.0, 31.0, 51.0, 44.0, 14.0, 4.0, 28.0, 18.0, 4.0, 33.0, 31.0, 37.0, 44.0, 18.0, 20.0, 41.0, 64.0, 44.0, 8.0, 7.0, 32.0, 65.0, 4.0, 25.0, 12.0, 56.0, 8.0, 18.0, 10.0, 2.0, 24.0, 49.0, 19.0, 24.0, 40.0, 4.0, 25.0, 56.0, 36.0, 37.0, 50.0, 48.0, 39.0, 43.0, 50.0, 9.0, 10.0, 57.0, 51.0, 59.0, 9.0, 20.0, 6.0, 60.0, 48.0, 32.0, 14.0, 28.0, 6.0, 24.0]
T = 0.6400000000000001	 step = 223
103
101.14000000000004
30.953292613636354
[30.0, 23.0, 19.0, 63.0, 70.0, 14.0, 60.0, 8.0, 28.0, 7.0, 24.0, 32.0, 7.0, 6.0, 40.0, 50.0, 36.0, 19.0, 24.0, 52.0, 42.0, 50.0, 9.0, 25.0, 20.0, 32.0, 28.0, 31.0, 18.0, 14.0, 66.0, 63.0, 7.0, 12.0, 26.0, 16.0, 34.0, 31.0, 18.0, 19.0, 14.0, 36.0, 32.0, 45.0, 56.0, 40.0, 10.0, 17.0, 33.0, 10.0, 49.0, 68.0, 15.0, 15.0, 72.0, 47.0, 16.0, 19.0, 27.0, 19.0, 15.0]
[3.0, 11.0, 31.0, 51.0, 44.0, 14.0, 4.0, 28.0, 18.0, 4.0, 33.0, 31.0, 37.0, 44.0, 18.0, 20.0, 41.0, 64.0, 44.0, 8.0, 7.0, 32.0, 65.0, 4.0, 25.0, 12.0, 56.0, 8.0, 18.0, 10.0, 2.0, 24.0, 49.0, 19.0, 24.0, 40.0, 4.0, 25.0, 56.0, 36.0, 37.0, 50.0, 48.0, 39.0, 43.0, 50.0, 9.0, 10.0, 57.0, 51.0, 59.0, 9.0, 20.0, 6.0, 60.0, 48.0, 32.0, 14.0, 28.0, 6.0, 24.0]
T = 0.5120000000000001	 step = 297
103
101.14000000000004
30.953292613636354
[30.0, 23.0, 19.0, 63.0, 70.0, 14.0, 60.0, 8.0, 28.0, 7.0, 24.0, 32.0, 7.0, 6.0, 40.0, 50.0, 36.0, 19.0, 24.0, 52.0, 42.0, 50.0, 9.0, 25.0, 20.0, 32.0, 28.0, 31.0, 18.0, 14.0, 66.0, 63.0, 7.0, 12.0, 26.0, 16.0, 34.0, 31.0, 18.0, 19.0, 14.0, 36.0, 32.0, 45.0, 56.0, 40.0, 10.0, 17.0, 33.0, 10.0, 49.0, 68.0, 15.0, 15.0, 72.0, 47.0, 16.0, 19.0, 27.0, 19.0, 15.0]
[3.0, 11.0, 31.0, 51.0, 44.0, 14.0, 4.0, 28.0, 18.0, 4.0, 33.0, 31.0, 37.0, 44.0, 18.0, 20.0, 41.0, 64.0, 44.0, 8.0, 7.0, 32.0, 65.0, 4.0, 25.0, 12.0, 56.0, 8.0, 18.0, 10.0, 2.0, 24.0, 49.0, 19.0, 24.0, 40.0, 4.0, 25.0, 56.0, 36.0, 37.0, 50.0, 48.0, 39.0, 43.0, 50.0, 9.0, 10.0, 57.0, 51.0, 59.0, 9.0, 20.0, 6.0, 60.0, 48.0, 32.0, 14.0, 28.0, 6.0, 24.0]
T = 0.40960000000000013	 step = 371
103
101.14000000000004
30.953292613636354
[30.0, 23.0, 19.0, 63.0, 70.0, 14.0, 60.0, 8.0, 28.0, 7.0, 24.0, 32.0, 7.0, 6.0, 40.0, 50.0, 36.0, 19.0, 24.0, 52.0, 42.0, 50.0, 9.0, 25.0, 20.0, 32.0, 28.0, 31.0, 18.0, 14.0, 66.0, 63.0, 7.0, 12.0, 26.0, 16.0, 34.0, 31.0, 18.0, 19.0, 14.0, 36.0, 32.0, 45.0, 56.0, 40.0, 10.0, 17.0, 33.0, 10.0, 49.0, 68.0, 15.0, 15.0, 72.0, 47.0, 16.0, 19.0, 27.0, 19.0, 15.0]
[3.0, 11.0, 31.0, 51.0, 44.0, 14.0, 4.0, 28.0, 18.0, 4.0, 33.0, 31.0, 37.0, 44.0, 18.0, 20.0, 41.0, 64.0, 44.0, 8.0, 7.0, 32.0, 65.0, 4.0, 25.0, 12.0, 56.0, 8.0, 18.0, 10.0, 2.0, 24.0, 49.0, 19.0, 24.0, 40.0, 4.0, 25.0, 56.0, 36.0, 37.0, 50.0, 48.0, 39.0, 43.0, 50.0, 9.0, 10.0, 57.0, 51.0, 59.0, 9.0, 20.0, 6.0, 60.0, 48.0, 32.0, 14.0, 28.0, 6.0, 24.0]
T = 0.32768000000000014	 step = 445
103
101.14000000000004
30.953292613636354
[30.0, 23.0, 19.0, 63.0, 70.0, 14.0, 60.0, 8.0, 28.0, 7.0, 24.0, 32.0, 7.0, 6.0, 40.0, 50.0, 36.0, 19.0, 24.0, 52.0, 42.0, 50.0, 9.0, 25.0, 20.0, 32.0, 28.0, 31.0, 18.0, 14.0, 66.0, 63.0, 7.0, 12.0, 26.0, 16.0, 34.0, 31.0, 18.0, 19.0, 14.0, 36.0, 32.0, 45.0, 56.0, 40.0, 10.0, 17.0, 33.0, 10.0, 49.0, 68.0, 15.0, 15.0, 72.0, 47.0, 16.0, 19.0, 27.0, 19.0, 15.0]
[3.0, 11.0, 31.0, 51.0, 44.0, 14.0, 4.0, 28.0, 18.0, 4.0, 33.0, 31.0, 37.0, 44.0, 18.0, 20.0, 41.0, 64.0, 44.0, 8.0, 7.0, 32.0, 65.0, 4.0, 25.0, 12.0, 56.0, 8.0, 18.0, 10.0, 2.0, 24.0, 49.0, 19.0, 24.0, 40.0, 4.0, 25.0, 56.0, 36.0, 37.0, 50.0, 48.0, 39.0, 43.0, 50.0, 9.0, 10.0, 57.0, 51.0, 59.0, 9.0, 20.0, 6.0, 60.0, 48.0, 32.0, 14.0, 28.0, 6.0, 24.0]
T = 0.2621440000000001	 step = 519
517
99.10000000000002
41.6599043560606
[30.0, 23.0, 18.0, 38.0, 69.0, 27.0, 62.0, 8.0, 27.0, 7.0, 24.0, 32.0, 7.0, 59.0, 42.0, 38.0, 41.0, 20.0, 25.0, 53.0, 43.0, 52.0, 7.0, 25.0, 19.0, 35.0, 62.0, 30.0, 19.0, 15.0, 59.0, 65.0, 70.0, 19.0, 35.0, 64.0, 33.0, 29.0, 16.0, 18.0, 60.0, 69.0, 56.0, 4.0, 55.0, 49.0, 5.0, 19.0, 70.0, 2.0, 49.0, 65.0, 15.0, 16.0, 71.0, 47.0, 53.0, 18.0, 24.0, 19.0, 41.0]
[5.0, 11.0, 32.0, 56.0, 43.0, 70.0, 4.0, 27.0, 18.0, 4.0, 33.0, 31.0, 37.0, 60.0, 19.0, 63.0, 43.0, 63.0, 46.0, 9.0, 7.0, 30.0, 57.0, 5.0, 24.0, 17.0, 68.0, 10.0, 18.0, 13.0, 72.0, 22.0, 53.0, 72.0, 50.0, 53.0, 3.0, 24.0, 55.0, 37.0, 38.0, 23.0, 41.0, 42.0, 45.0, 41.0, 9.0, 11.0, 49.0, 11.0, 59.0, 9.0, 17.0, 5.0, 61.0, 51.0, 20.0, 15.0, 27.0, 8.0, 71.0]
T = 0.2097152000000001	 step = 593
517
99.10000000000002
41.6599043560606
[30.0, 23.0, 18.0, 38.0, 69.0, 27.0, 62.0, 8.0, 27.0, 7.0, 24.0, 32.0, 7.0, 59.0, 42.0, 38.0, 41.0, 20.0, 25.0, 53.0, 43.0, 52.0, 7.0, 25.0, 19.0, 35.0, 62.0, 30.0, 19.0, 15.0, 59.0, 65.0, 70.0, 19.0, 35.0, 64.0, 33.0, 29.0, 16.0, 18.0, 60.0, 69.0, 56.0, 4.0, 55.0, 49.0, 5.0, 19.0, 70.0, 2.0, 49.0, 65.0, 15.0, 16.0, 71.0, 47.0, 53.0, 18.0, 24.0, 19.0, 41.0]
[5.0, 11.0, 32.0, 56.0, 43.0, 70.0, 4.0, 27.0, 18.0, 4.0, 33.0, 31.0, 37.0, 60.0, 19.0, 63.0, 43.0, 63.0, 46.0, 9.0, 7.0, 30.0, 57.0, 5.0, 24.0, 17.0, 68.0, 10.0, 18.0, 13.0, 72.0, 22.0, 53.0, 72.0, 50.0, 53.0, 3.0, 24.0, 55.0, 37.0, 38.0, 23.0, 41.0, 42.0, 45.0, 41.0, 9.0, 11.0, 49.0, 11.0, 59.0, 9.0, 17.0, 5.0, 61.0, 51.0, 20.0, 15.0, 27.0, 8.0, 71.0]
T = 0.1677721600000001	 step = 667
517
99.10000000000002
41.6599043560606
[30.0, 23.0, 18.0, 38.0, 69.0, 27.0, 62.0, 8.0, 27.0, 7.0, 24.0, 32.0, 7.0, 59.0, 42.0, 38.0, 41.0, 20.0, 25.0, 53.0, 43.0, 52.0, 7.0, 25.0, 19.0, 35.0, 62.0, 30.0, 19.0, 15.0, 59.0, 65.0, 70.0, 19.0, 35.0, 64.0, 33.0, 29.0, 16.0, 18.0, 60.0, 69.0, 56.0, 4.0, 55.0, 49.0, 5.0, 19.0, 70.0, 2.0, 49.0, 65.0, 15.0, 16.0, 71.0, 47.0, 53.0, 18.0, 24.0, 19.0, 41.0]
[5.0, 11.0, 32.0, 56.0, 43.0, 70.0, 4.0, 27.0, 18.0, 4.0, 33.0, 31.0, 37.0, 60.0, 19.0, 63.0, 43.0, 63.0, 46.0, 9.0, 7.0, 30.0, 57.0, 5.0, 24.0, 17.0, 68.0, 10.0, 18.0, 13.0, 72.0, 22.0, 53.0, 72.0, 50.0, 53.0, 3.0, 24.0, 55.0, 37.0, 38.0, 23.0, 41.0, 42.0, 45.0, 41.0, 9.0, 11.0, 49.0, 11.0, 59.0, 9.0, 17.0, 5.0, 61.0, 51.0, 20.0, 15.0, 27.0, 8.0, 71.0]
T = 0.13421772800000006	 step = 741
517
99.10000000000002
41.6599043560606
[30.0, 23.0, 18.0, 38.0, 69.0, 27.0, 62.0, 8.0, 27.0, 7.0, 24.0, 32.0, 7.0, 59.0, 42.0, 38.0, 41.0, 20.0, 25.0, 53.0, 43.0, 52.0, 7.0, 25.0, 19.0, 35.0, 62.0, 30.0, 19.0, 15.0, 59.0, 65.0, 70.0, 19.0, 35.0, 64.0, 33.0, 29.0, 16.0, 18.0, 60.0, 69.0, 56.0, 4.0, 55.0, 49.0, 5.0, 19.0, 70.0, 2.0, 49.0, 65.0, 15.0, 16.0, 71.0, 47.0, 53.0, 18.0, 24.0, 19.0, 41.0]
[5.0, 11.0, 32.0, 56.0, 43.0, 70.0, 4.0, 27.0, 18.0, 4.0, 33.0, 31.0, 37.0, 60.0, 19.0, 63.0, 43.0, 63.0, 46.0, 9.0, 7.0, 30.0, 57.0, 5.0, 24.0, 17.0, 68.0, 10.0, 18.0, 13.0, 72.0, 22.0, 53.0, 72.0, 50.0, 53.0, 3.0, 24.0, 55.0, 37.0, 38.0, 23.0, 41.0, 42.0, 45.0, 41.0, 9.0, 11.0, 49.0, 11.0, 59.0, 9.0, 17.0, 5.0, 61.0, 51.0, 20.0, 15.0, 27.0, 8.0, 71.0]
T = 0.10737418240000006	 step = 815
517
99.10000000000002
41.6599043560606
[30.0, 23.0, 18.0, 38.0, 69.0, 27.0, 62.0, 8.0, 27.0, 7.0, 24.0, 32.0, 7.0, 59.0, 42.0, 38.0, 41.0, 20.0, 25.0, 53.0, 43.0, 52.0, 7.0, 25.0, 19.0, 35.0, 62.0, 30.0, 19.0, 15.0, 59.0, 65.0, 70.0, 19.0, 35.0, 64.0, 33.0, 29.0, 16.0, 18.0, 60.0, 69.0, 56.0, 4.0, 55.0, 49.0, 5.0, 19.0, 70.0, 2.0, 49.0, 65.0, 15.0, 16.0, 71.0, 47.0, 53.0, 18.0, 24.0, 19.0, 41.0]
[5.0, 11.0, 32.0, 56.0, 43.0, 70.0, 4.0, 27.0, 18.0, 4.0, 33.0, 31.0, 37.0, 60.0, 19.0, 63.0, 43.0, 63.0, 46.0, 9.0, 7.0, 30.0, 57.0, 5.0, 24.0, 17.0, 68.0, 10.0, 18.0, 13.0, 72.0, 22.0, 53.0, 72.0, 50.0, 53.0, 3.0, 24.0, 55.0, 37.0, 38.0, 23.0, 41.0, 42.0, 45.0, 41.0, 9.0, 11.0, 49.0, 11.0, 59.0, 9.0, 17.0, 5.0, 61.0, 51.0, 20.0, 15.0, 27.0, 8.0, 71.0]
T = 0.08589934592000005	 step = 889
517
99.10000000000002
41.6599043560606
[30.0, 23.0, 18.0, 38.0, 69.0, 27.0, 62.0, 8.0, 27.0, 7.0, 24.0, 32.0, 7.0, 59.0, 42.0, 38.0, 41.0, 20.0, 25.0, 53.0, 43.0, 52.0, 7.0, 25.0, 19.0, 35.0, 62.0, 30.0, 19.0, 15.0, 59.0, 65.0, 70.0, 19.0, 35.0, 64.0, 33.0, 29.0, 16.0, 18.0, 60.0, 69.0, 56.0, 4.0, 55.0, 49.0, 5.0, 19.0, 70.0, 2.0, 49.0, 65.0, 15.0, 16.0, 71.0, 47.0, 53.0, 18.0, 24.0, 19.0, 41.0]
[5.0, 11.0, 32.0, 56.0, 43.0, 70.0, 4.0, 27.0, 18.0, 4.0, 33.0, 31.0, 37.0, 60.0, 19.0, 63.0, 43.0, 63.0, 46.0, 9.0, 7.0, 30.0, 57.0, 5.0, 24.0, 17.0, 68.0, 10.0, 18.0, 13.0, 72.0, 22.0, 53.0, 72.0, 50.0, 53.0, 3.0, 24.0, 55.0, 37.0, 38.0, 23.0, 41.0, 42.0, 45.0, 41.0, 9.0, 11.0, 49.0, 11.0, 59.0, 9.0, 17.0, 5.0, 61.0, 51.0, 20.0, 15.0, 27.0, 8.0, 71.0]
T = 0.06871947673600004	 step = 963
517
99.10000000000002
41.6599043560606
[30.0, 23.0, 18.0, 38.0, 69.0, 27.0, 62.0, 8.0, 27.0, 7.0, 24.0, 32.0, 7.0, 59.0, 42.0, 38.0, 41.0, 20.0, 25.0, 53.0, 43.0, 52.0, 7.0, 25.0, 19.0, 35.0, 62.0, 30.0, 19.0, 15.0, 59.0, 65.0, 70.0, 19.0, 35.0, 64.0, 33.0, 29.0, 16.0, 18.0, 60.0, 69.0, 56.0, 4.0, 55.0, 49.0, 5.0, 19.0, 70.0, 2.0, 49.0, 65.0, 15.0, 16.0, 71.0, 47.0, 53.0, 18.0, 24.0, 19.0, 41.0]
[5.0, 11.0, 32.0, 56.0, 43.0, 70.0, 4.0, 27.0, 18.0, 4.0, 33.0, 31.0, 37.0, 60.0, 19.0, 63.0, 43.0, 63.0, 46.0, 9.0, 7.0, 30.0, 57.0, 5.0, 24.0, 17.0, 68.0, 10.0, 18.0, 13.0, 72.0, 22.0, 53.0, 72.0, 50.0, 53.0, 3.0, 24.0, 55.0, 37.0, 38.0, 23.0, 41.0, 42.0, 45.0, 41.0, 9.0, 11.0, 49.0, 11.0, 59.0, 9.0, 17.0, 5.0, 61.0, 51.0, 20.0, 15.0, 27.0, 8.0, 71.0]
T = 0.054975581388800036	 step = 1037
517
99.10000000000002
41.6599043560606
[30.0, 23.0, 18.0, 38.0, 69.0, 27.0, 62.0, 8.0, 27.0, 7.0, 24.0, 32.0, 7.0, 59.0, 42.0, 38.0, 41.0, 20.0, 25.0, 53.0, 43.0, 52.0, 7.0, 25.0, 19.0, 35.0, 62.0, 30.0, 19.0, 15.0, 59.0, 65.0, 70.0, 19.0, 35.0, 64.0, 33.0, 29.0, 16.0, 18.0, 60.0, 69.0, 56.0, 4.0, 55.0, 49.0, 5.0, 19.0, 70.0, 2.0, 49.0, 65.0, 15.0, 16.0, 71.0, 47.0, 53.0, 18.0, 24.0, 19.0, 41.0]
[5.0, 11.0, 32.0, 56.0, 43.0, 70.0, 4.0, 27.0, 18.0, 4.0, 33.0, 31.0, 37.0, 60.0, 19.0, 63.0, 43.0, 63.0, 46.0, 9.0, 7.0, 30.0, 57.0, 5.0, 24.0, 17.0, 68.0, 10.0, 18.0, 13.0, 72.0, 22.0, 53.0, 72.0, 50.0, 53.0, 3.0, 24.0, 55.0, 37.0, 38.0, 23.0, 41.0, 42.0, 45.0, 41.0, 9.0, 11.0, 49.0, 11.0, 59.0, 9.0, 17.0, 5.0, 61.0, 51.0, 20.0, 15.0, 27.0, 8.0, 71.0]
T = 0.043980465111040035	 step = 1111
1105
98.44
42.82896638257575
[59.0, 25.0, 17.0, 67.0, 17.0, 28.0, 60.0, 8.0, 25.0, 9.0, 66.0, 31.0, 8.0, 59.0, 50.0, 38.0, 43.0, 20.0, 25.0, 61.0, 49.0, 51.0, 8.0, 24.0, 17.0, 34.0, 71.0, 32.0, 72.0, 19.0, 57.0, 30.0, 62.0, 16.0, 68.0, 69.0, 32.0, 30.0, 38.0, 27.0, 59.0, 16.0, 30.0, 62.0, 49.0, 51.0, 66.0, 22.0, 71.0, 33.0, 66.0, 65.0, 72.0, 63.0, 38.0, 48.0, 3.0, 18.0, 22.0, 45.0, 63.0]
[11.0, 11.0, 31.0, 64.0, 44.0, 69.0, 4.0, 26.0, 20.0, 8.0, 14.0, 34.0, 37.0, 60.0, 66.0, 64.0, 44.0, 61.0, 46.0, 51.0, 11.0, 33.0, 56.0, 4.0, 22.0, 20.0, 9.0, 9.0, 15.0, 2.0, 70.0, 6.0, 41.0, 72.0, 7.0, 70.0, 44.0, 20.0, 36.0, 59.0, 36.0, 5.0, 17.0, 33.0, 24.0, 44.0, 67.0, 14.0, 47.0, 39.0, 33.0, 57.0, 41.0, 30.0, 21.0, 51.0, 44.0, 16.0, 28.0, 65.0, 72.0]
T = 0.03518437208883203	 step = 1185
1171
97.80000000000001
43.10125426136362
[59.0, 24.0, 17.0, 67.0, 27.0, 28.0, 64.0, 8.0, 25.0, 10.0, 66.0, 31.0, 7.0, 59.0, 50.0, 38.0, 43.0, 20.0, 25.0, 62.0, 49.0, 51.0, 8.0, 24.0, 18.0, 34.0, 71.0, 32.0, 72.0, 19.0, 56.0, 36.0, 62.0, 17.0, 67.0, 69.0, 32.0, 31.0, 36.0, 71.0, 59.0, 16.0, 30.0, 62.0, 49.0, 51.0, 65.0, 36.0, 71.0, 33.0, 66.0, 65.0, 72.0, 7.0, 37.0, 46.0, 54.0, 31.0, 23.0, 45.0, 63.0]
[11.0, 12.0, 31.0, 64.0, 11.0, 69.0, 24.0, 27.0, 19.0, 8.0, 15.0, 33.0, 37.0, 59.0, 67.0, 63.0, 44.0, 61.0, 46.0, 51.0, 11.0, 34.0, 58.0, 5.0, 22.0, 20.0, 10.0, 10.0, 15.0, 2.0, 70.0, 28.0, 41.0, 72.0, 7.0, 70.0, 44.0, 20.0, 36.0, 30.0, 36.0, 6.0, 16.0, 33.0, 27.0, 44.0, 67.0, 71.0, 47.0, 39.0, 34.0, 58.0, 41.0, 15.0, 21.0, 51.0, 20.0, 56.0, 28.0, 65.0, 72.0]
T = 0.028147497671065627	 step = 1259
1238
97.09000000000003
43.80731392045453
[59.0, 23.0, 18.0, 66.0, 27.0, 57.0, 64.0, 9.0, 25.0, 10.0, 66.0, 31.0, 7.0, 59.0, 51.0, 38.0, 44.0, 21.0, 24.0, 63.0, 49.0, 51.0, 8.0, 24.0, 18.0, 34.0, 70.0, 31.0, 72.0, 18.0, 56.0, 34.0, 64.0, 16.0, 67.0, 69.0, 33.0, 30.0, 36.0, 71.0, 59.0, 15.0, 30.0, 62.0, 50.0, 51.0, 65.0, 37.0, 71.0, 26.0, 66.0, 64.0, 71.0, 7.0, 37.0, 2.0, 54.0, 31.0, 24.0, 45.0, 62.0]
[12.0, 13.0, 31.0, 64.0, 12.0, 6.0, 24.0, 27.0, 19.0, 7.0, 15.0, 33.0, 38.0, 59.0, 67.0, 63.0, 44.0, 61.0, 47.0, 50.0, 11.0, 34.0, 58.0, 4.0, 22.0, 21.0, 9.0, 10.0, 14.0, 2.0, 70.0, 28.0, 40.0, 72.0, 6.0, 70.0, 44.0, 20.0, 36.0, 30.0, 35.0, 5.0, 15.0, 32.0, 27.0, 44.0, 68.0, 72.0, 47.0, 39.0, 34.0, 58.0, 42.0, 15.0, 21.0, 49.0, 21.0, 57.0, 28.0, 64.0, 72.0]
T = 0.022517998136852502	 step = 1333
1238
97.09000000000003
43.80731392045453
[59.0, 23.0, 18.0, 66.0, 27.0, 57.0, 64.0, 9.0, 25.0, 10.0, 66.0, 31.0, 7.0, 59.0, 51.0, 38.0, 44.0, 21.0, 24.0, 63.0, 49.0, 51.0, 8.0, 24.0, 18.0, 34.0, 70.0, 31.0, 72.0, 18.0, 56.0, 34.0, 64.0, 16.0, 67.0, 69.0, 33.0, 30.0, 36.0, 71.0, 59.0, 15.0, 30.0, 62.0, 50.0, 51.0, 65.0, 37.0, 71.0, 26.0, 66.0, 64.0, 71.0, 7.0, 37.0, 2.0, 54.0, 31.0, 24.0, 45.0, 62.0]
[12.0, 13.0, 31.0, 64.0, 12.0, 6.0, 24.0, 27.0, 19.0, 7.0, 15.0, 33.0, 38.0, 59.0, 67.0, 63.0, 44.0, 61.0, 47.0, 50.0, 11.0, 34.0, 58.0, 4.0, 22.0, 21.0, 9.0, 10.0, 14.0, 2.0, 70.0, 28.0, 40.0, 72.0, 6.0, 70.0, 44.0, 20.0, 36.0, 30.0, 35.0, 5.0, 15.0, 32.0, 27.0, 44.0, 68.0, 72.0, 47.0, 39.0, 34.0, 58.0, 42.0, 15.0, 21.0, 49.0, 21.0, 57.0, 28.0, 64.0, 72.0]
T = 0.018014398509482003	 step = 1407
1238
97.09000000000003
43.80731392045453
[59.0, 23.0, 18.0, 66.0, 27.0, 57.0, 64.0, 9.0, 25.0, 10.0, 66.0, 31.0, 7.0, 59.0, 51.0, 38.0, 44.0, 21.0, 24.0, 63.0, 49.0, 51.0, 8.0, 24.0, 18.0, 34.0, 70.0, 31.0, 72.0, 18.0, 56.0, 34.0, 64.0, 16.0, 67.0, 69.0, 33.0, 30.0, 36.0, 71.0, 59.0, 15.0, 30.0, 62.0, 50.0, 51.0, 65.0, 37.0, 71.0, 26.0, 66.0, 64.0, 71.0, 7.0, 37.0, 2.0, 54.0, 31.0, 24.0, 45.0, 62.0]
[12.0, 13.0, 31.0, 64.0, 12.0, 6.0, 24.0, 27.0, 19.0, 7.0, 15.0, 33.0, 38.0, 59.0, 67.0, 63.0, 44.0, 61.0, 47.0, 50.0, 11.0, 34.0, 58.0, 4.0, 22.0, 21.0, 9.0, 10.0, 14.0, 2.0, 70.0, 28.0, 40.0, 72.0, 6.0, 70.0, 44.0, 20.0, 36.0, 30.0, 35.0, 5.0, 15.0, 32.0, 27.0, 44.0, 68.0, 72.0, 47.0, 39.0, 34.0, 58.0, 42.0, 15.0, 21.0, 49.0, 21.0, 57.0, 28.0, 64.0, 72.0]
T = 0.014411518807585602	 step = 1481
1238
97.09000000000003
43.80731392045453
[59.0, 23.0, 18.0, 66.0, 27.0, 57.0, 64.0, 9.0, 25.0, 10.0, 66.0, 31.0, 7.0, 59.0, 51.0, 38.0, 44.0, 21.0, 24.0, 63.0, 49.0, 51.0, 8.0, 24.0, 18.0, 34.0, 70.0, 31.0, 72.0, 18.0, 56.0, 34.0, 64.0, 16.0, 67.0, 69.0, 33.0, 30.0, 36.0, 71.0, 59.0, 15.0, 30.0, 62.0, 50.0, 51.0, 65.0, 37.0, 71.0, 26.0, 66.0, 64.0, 71.0, 7.0, 37.0, 2.0, 54.0, 31.0, 24.0, 45.0, 62.0]
[12.0, 13.0, 31.0, 64.0, 12.0, 6.0, 24.0, 27.0, 19.0, 7.0, 15.0, 33.0, 38.0, 59.0, 67.0, 63.0, 44.0, 61.0, 47.0, 50.0, 11.0, 34.0, 58.0, 4.0, 22.0, 21.0, 9.0, 10.0, 14.0, 2.0, 70.0, 28.0, 40.0, 72.0, 6.0, 70.0, 44.0, 20.0, 36.0, 30.0, 35.0, 5.0, 15.0, 32.0, 27.0, 44.0, 68.0, 72.0, 47.0, 39.0, 34.0, 58.0, 42.0, 15.0, 21.0, 49.0, 21.0, 57.0, 28.0, 64.0, 72.0]
T = 0.011529215046068483	 step = 1555
1533
96.95000000000005
43.83547443181817
[60.0, 22.0, 18.0, 67.0, 26.0, 56.0, 64.0, 8.0, 25.0, 9.0, 65.0, 30.0, 8.0, 60.0, 51.0, 38.0, 44.0, 20.0, 24.0, 65.0, 49.0, 51.0, 7.0, 26.0, 17.0, 33.0, 67.0, 30.0, 72.0, 19.0, 59.0, 35.0, 64.0, 16.0, 48.0, 39.0, 32.0, 31.0, 39.0, 32.0, 15.0, 32.0, 9.0, 66.0, 54.0, 51.0, 66.0, 6.0, 48.0, 36.0, 12.0, 66.0, 71.0, 4.0, 37.0, 2.0, 54.0, 55.0, 57.0, 46.0, 63.0]
[11.0, 13.0, 30.0, 66.0, 11.0, 5.0, 26.0, 28.0, 20.0, 7.0, 18.0, 33.0, 36.0, 58.0, 67.0, 66.0, 46.0, 60.0, 47.0, 49.0, 8.0, 35.0, 57.0, 5.0, 23.0, 22.0, 9.0, 11.0, 12.0, 6.0, 70.0, 27.0, 39.0, 69.0, 57.0, 27.0, 45.0, 17.0, 37.0, 7.0, 10.0, 3.0, 19.0, 5.0, 27.0, 41.0, 70.0, 49.0, 17.0, 52.0, 64.0, 59.0, 42.0, 13.0, 18.0, 51.0, 55.0, 24.0, 15.0, 64.0, 72.0]
