T = 1.0	 step = 1
1
131.33000000000004
10.601036255411254
[25.0, 25.0, 13.0, 13.0, 25.0, 25.0, 35.0, 37.0, 13.0, 13.0, 37.0, 35.0]
[39.0, 19.0, 19.0, 29.0, 29.0, 7.0, 43.0, 19.0, 7.0, 39.0, 31.0, 7.0]
T = 1.0	 step = 51
37
130.0
11.900471793831166
[26.0, 26.0, 14.0, 13.0, 25.0, 25.0, 39.0, 37.0, 13.0, 10.0, 41.0, 41.0]
[40.0, 19.0, 17.0, 29.0, 29.0, 8.0, 43.0, 19.0, 6.0, 40.0, 32.0, 6.0]
T = 0.8	 step = 101
101
128.39000000000004
12.513634672619046
[26.0, 27.0, 11.0, 13.0, 26.0, 24.0, 39.0, 38.0, 11.0, 10.0, 38.0, 40.0]
[40.0, 20.0, 17.0, 28.0, 30.0, 7.0, 44.0, 20.0, 6.0, 41.0, 33.0, 6.0]
T = 0.6400000000000001	 step = 151
142
124.58000000000004
14.409169034090906
[25.0, 27.0, 6.0, 12.0, 27.0, 25.0, 40.0, 41.0, 9.0, 13.0, 39.0, 40.0]
[41.0, 19.0, 17.0, 28.0, 31.0, 7.0, 44.0, 18.0, 6.0, 42.0, 32.0, 6.0]
T = 0.5120000000000001	 step = 201
167
124.04000000000002
14.55893161525974
[24.0, 30.0, 5.0, 11.0, 27.0, 25.0, 39.0, 42.0, 8.0, 12.0, 40.0, 40.0]
[40.0, 19.0, 17.0, 28.0, 30.0, 6.0, 43.0, 17.0, 6.0, 41.0, 32.0, 6.0]
T = 0.40960000000000013	 step = 251
248
121.20000000000005
18.10911965638528
[24.0, 29.0, 5.0, 10.0, 30.0, 19.0, 17.0, 41.0, 7.0, 10.0, 44.0, 41.0]
[42.0, 21.0, 18.0, 29.0, 10.0, 7.0, 18.0, 19.0, 6.0, 39.0, 30.0, 6.0]
T = 0.32768000000000014	 step = 301
259
119.78000000000003
18.156700487012984
[24.0, 30.0, 6.0, 10.0, 29.0, 19.0, 17.0, 41.0, 7.0, 10.0, 44.0, 41.0]
[42.0, 20.0, 18.0, 29.0, 8.0, 7.0, 18.0, 18.0, 6.0, 39.0, 30.0, 6.0]
T = 0.2621440000000001	 step = 351
259
119.78000000000003
18.156700487012984
[24.0, 30.0, 6.0, 10.0, 29.0, 19.0, 17.0, 41.0, 7.0, 10.0, 44.0, 41.0]
[42.0, 20.0, 18.0, 29.0, 8.0, 7.0, 18.0, 18.0, 6.0, 39.0, 30.0, 6.0]
T = 0.2097152000000001	 step = 401
259
119.78000000000003
18.156700487012984
[24.0, 30.0, 6.0, 10.0, 29.0, 19.0, 17.0, 41.0, 7.0, 10.0, 44.0, 41.0]
[42.0, 20.0, 18.0, 29.0, 8.0, 7.0, 18.0, 18.0, 6.0, 39.0, 30.0, 6.0]
T = 0.1677721600000001	 step = 451
259
119.78000000000003
18.156700487012984
[24.0, 30.0, 6.0, 10.0, 29.0, 19.0, 17.0, 41.0, 7.0, 10.0, 44.0, 41.0]
[42.0, 20.0, 18.0, 29.0, 8.0, 7.0, 18.0, 18.0, 6.0, 39.0, 30.0, 6.0]
T = 0.13421772800000006	 step = 501
259
119.78000000000003
18.156700487012984
[24.0, 30.0, 6.0, 10.0, 29.0, 19.0, 17.0, 41.0, 7.0, 10.0, 44.0, 41.0]
[42.0, 20.0, 18.0, 29.0, 8.0, 7.0, 18.0, 18.0, 6.0, 39.0, 30.0, 6.0]
T = 0.10737418240000006	 step = 551
259
119.78000000000003
18.156700487012984
[24.0, 30.0, 6.0, 10.0, 29.0, 19.0, 17.0, 41.0, 7.0, 10.0, 44.0, 41.0]
[42.0, 20.0, 18.0, 29.0, 8.0, 7.0, 18.0, 18.0, 6.0, 39.0, 30.0, 6.0]
T = 0.08589934592000005	 step = 601
584
114.75
35.23678875811688
[23.0, 32.0, 19.0, 42.0, 7.0, 43.0, 21.0, 31.0, 8.0, 6.0, 44.0, 44.0]
[43.0, 7.0, 19.0, 20.0, 7.0, 44.0, 7.0, 22.0, 24.0, 44.0, 33.0, 7.0]
T = 0.06871947673600004	 step = 651
613
114.53000000000003
33.986081236471854
[32.0, 32.0, 20.0, 43.0, 7.0, 43.0, 21.0, 31.0, 7.0, 8.0, 43.0, 44.0]
[45.0, 9.0, 20.0, 20.0, 8.0, 43.0, 8.0, 22.0, 25.0, 44.0, 32.0, 7.0]
T = 0.054975581388800036	 step = 701
685
114.48000000000002
34.11623782467532
[26.0, 31.0, 19.0, 44.0, 7.0, 41.0, 20.0, 32.0, 6.0, 8.0, 44.0, 42.0]
[42.0, 7.0, 20.0, 21.0, 6.0, 43.0, 9.0, 23.0, 27.0, 41.0, 32.0, 9.0]
T = 0.043980465111040035	 step = 751
685
114.48000000000002
34.11623782467532
[26.0, 31.0, 19.0, 44.0, 7.0, 41.0, 20.0, 32.0, 6.0, 8.0, 44.0, 42.0]
[42.0, 7.0, 20.0, 21.0, 6.0, 43.0, 9.0, 23.0, 27.0, 41.0, 32.0, 9.0]
T = 0.03518437208883203	 step = 801
685
114.48000000000002
34.11623782467532
[26.0, 31.0, 19.0, 44.0, 7.0, 41.0, 20.0, 32.0, 6.0, 8.0, 44.0, 42.0]
[42.0, 7.0, 20.0, 21.0, 6.0, 43.0, 9.0, 23.0, 27.0, 41.0, 32.0, 9.0]
T = 0.028147497671065627	 step = 851
685
114.48000000000002
34.11623782467532
[26.0, 31.0, 19.0, 44.0, 7.0, 41.0, 20.0, 32.0, 6.0, 8.0, 44.0, 42.0]
[42.0, 7.0, 20.0, 21.0, 6.0, 43.0, 9.0, 23.0, 27.0, 41.0, 32.0, 9.0]
T = 0.022517998136852502	 step = 901
886
113.97000000000003
32.924231263528135
[30.0, 32.0, 20.0, 44.0, 7.0, 45.0, 20.0, 33.0, 6.0, 8.0, 19.0, 43.0]
[41.0, 6.0, 20.0, 24.0, 6.0, 43.0, 6.0, 26.0, 27.0, 41.0, 33.0, 8.0]
T = 0.018014398509482003	 step = 951
940
113.29000000000002
31.46104978354978
[30.0, 31.0, 18.0, 44.0, 6.0, 43.0, 20.0, 33.0, 6.0, 8.0, 19.0, 43.0]
[42.0, 7.0, 23.0, 25.0, 5.0, 38.0, 6.0, 25.0, 28.0, 40.0, 34.0, 10.0]
T = 0.014411518807585602	 step = 1001
974
112.56
29.322334956709955
[30.0, 31.0, 16.0, 44.0, 6.0, 43.0, 18.0, 32.0, 6.0, 29.0, 18.0, 43.0]
[42.0, 7.0, 24.0, 26.0, 6.0, 39.0, 7.0, 31.0, 24.0, 18.0, 35.0, 10.0]
T = 0.011529215046068483	 step = 1051
974
112.56
29.322334956709955
[30.0, 31.0, 16.0, 44.0, 6.0, 43.0, 18.0, 32.0, 6.0, 29.0, 18.0, 43.0]
[42.0, 7.0, 24.0, 26.0, 6.0, 39.0, 7.0, 31.0, 24.0, 18.0, 35.0, 10.0]
