T = 1.0	 step = 1
1
76.21000000000004
11.395406249999997
[13.0, 13.0, 27.0, 25.0, 22.0, 39.0]
[38.0, 12.0, 12.0, 40.0, 25.0, 39.0]
T = 1.0	 step = 56
7
76.30000000000001
10.866843749999997
[13.0, 13.0, 27.0, 25.0, 23.0, 39.0]
[38.0, 13.0, 13.0, 40.0, 25.0, 39.0]
T = 0.8	 step = 111
7
76.30000000000001
10.866843749999997
[13.0, 13.0, 27.0, 25.0, 23.0, 39.0]
[38.0, 13.0, 13.0, 40.0, 25.0, 39.0]
T = 0.6400000000000001	 step = 166
7
76.30000000000001
10.866843749999997
[13.0, 13.0, 27.0, 25.0, 23.0, 39.0]
[38.0, 13.0, 13.0, 40.0, 25.0, 39.0]
T = 0.5120000000000001	 step = 221
7
76.30000000000001
10.866843749999997
[13.0, 13.0, 27.0, 25.0, 23.0, 39.0]
[38.0, 13.0, 13.0, 40.0, 25.0, 39.0]
T = 0.40960000000000013	 step = 276
7
76.30000000000001
10.866843749999997
[13.0, 13.0, 27.0, 25.0, 23.0, 39.0]
[38.0, 13.0, 13.0, 40.0, 25.0, 39.0]
T = 0.32768000000000014	 step = 331
7
76.30000000000001
10.866843749999997
[13.0, 13.0, 27.0, 25.0, 23.0, 39.0]
[38.0, 13.0, 13.0, 40.0, 25.0, 39.0]
T = 0.2621440000000001	 step = 386
7
76.30000000000001
10.866843749999997
[13.0, 13.0, 27.0, 25.0, 23.0, 39.0]
[38.0, 13.0, 13.0, 40.0, 25.0, 39.0]
T = 0.2097152000000001	 step = 441
7
76.30000000000001
10.866843749999997
[13.0, 13.0, 27.0, 25.0, 23.0, 39.0]
[38.0, 13.0, 13.0, 40.0, 25.0, 39.0]
T = 0.1677721600000001	 step = 496
7
76.30000000000001
10.866843749999997
[13.0, 13.0, 27.0, 25.0, 23.0, 39.0]
[38.0, 13.0, 13.0, 40.0, 25.0, 39.0]
T = 0.13421772800000006	 step = 551
7
76.30000000000001
10.866843749999997
[13.0, 13.0, 27.0, 25.0, 23.0, 39.0]
[38.0, 13.0, 13.0, 40.0, 25.0, 39.0]
T = 0.10737418240000006	 step = 606
7
76.30000000000001
10.866843749999997
[13.0, 13.0, 27.0, 25.0, 23.0, 39.0]
[38.0, 13.0, 13.0, 40.0, 25.0, 39.0]
T = 0.08589934592000005	 step = 661
7
76.30000000000001
10.866843749999997
[13.0, 13.0, 27.0, 25.0, 23.0, 39.0]
[38.0, 13.0, 13.0, 40.0, 25.0, 39.0]
T = 0.06871947673600004	 step = 716
7
76.30000000000001
10.866843749999997
[13.0, 13.0, 27.0, 25.0, 23.0, 39.0]
[38.0, 13.0, 13.0, 40.0, 25.0, 39.0]
T = 0.054975581388800036	 step = 771
7
76.30000000000001
10.866843749999997
[13.0, 13.0, 27.0, 25.0, 23.0, 39.0]
[38.0, 13.0, 13.0, 40.0, 25.0, 39.0]
T = 0.043980465111040035	 step = 826
7
76.30000000000001
10.866843749999997
[13.0, 13.0, 27.0, 25.0, 23.0, 39.0]
[38.0, 13.0, 13.0, 40.0, 25.0, 39.0]
T = 0.03518437208883203	 step = 881
7
76.30000000000001
10.866843749999997
[13.0, 13.0, 27.0, 25.0, 23.0, 39.0]
[38.0, 13.0, 13.0, 40.0, 25.0, 39.0]
T = 0.028147497671065627	 step = 936
7
76.30000000000001
10.866843749999997
[13.0, 13.0, 27.0, 25.0, 23.0, 39.0]
[38.0, 13.0, 13.0, 40.0, 25.0, 39.0]
T = 0.022517998136852502	 step = 991
7
76.30000000000001
10.866843749999997
[13.0, 13.0, 27.0, 25.0, 23.0, 39.0]
[38.0, 13.0, 13.0, 40.0, 25.0, 39.0]
T = 0.018014398509482003	 step = 1046
7
76.30000000000001
10.866843749999997
[13.0, 13.0, 27.0, 25.0, 23.0, 39.0]
[38.0, 13.0, 13.0, 40.0, 25.0, 39.0]
T = 0.014411518807585602	 step = 1101
1100
76.21000000000004
9.3845625
[28.0, 17.0, 42.0, 25.0, 21.0, 15.0]
[10.0, 8.0, 24.0, 36.0, 22.0, 38.0]
T = 0.011529215046068483	 step = 1156
1100
76.21000000000004
9.3845625
[28.0, 17.0, 42.0, 25.0, 21.0, 15.0]
[10.0, 8.0, 24.0, 36.0, 22.0, 38.0]
