T = 1.0	 step = 1
1
100.07000000000005
13.647275094696969
[22.0, 11.0, 31.0, 8.0, 8.0, 34.0]
[28.0, 11.0, 11.0, 36.0, 26.0, 28.0]
T = 1.0	 step = 1
1
100.07000000000005
13.647275094696969
[22.0, 31.0, 11.0, 8.0, 34.0, 8.0]
[28.0, 11.0, 11.0, 36.0, 28.0, 26.0]
T = 1.0	 step = 43
32
98.98000000000002
15.27599273989899
[22.0, 31.0, 10.0, 8.0, 34.0, 9.0]
[30.0, 12.0, 11.0, 36.0, 34.0, 26.0]
T = 0.8	 step = 85
60
98.65000000000003
15.232777777777773
[22.0, 32.0, 11.0, 8.0, 33.0, 9.0]
[31.0, 13.0, 10.0, 37.0, 33.0, 24.0]
T = 0.6400000000000001	 step = 127
60
98.65000000000003
15.232777777777773
[22.0, 32.0, 11.0, 8.0, 33.0, 9.0]
[31.0, 13.0, 10.0, 37.0, 33.0, 24.0]
T = 0.5120000000000001	 step = 169
60
98.65000000000003
15.232777777777773
[22.0, 32.0, 11.0, 8.0, 33.0, 9.0]
[31.0, 13.0, 10.0, 37.0, 33.0, 24.0]
T = 0.40960000000000013	 step = 211
209
98.15000000000003
15.408284406565652
[23.0, 32.0, 11.0, 9.0, 34.0, 7.0]
[34.0, 12.0, 10.0, 36.0, 30.0, 26.0]
T = 0.32768000000000014	 step = 253
234
97.93
15.064728535353533
[23.0, 32.0, 10.0, 9.0, 34.0, 10.0]
[34.0, 13.0, 12.0, 37.0, 31.0, 26.0]
T = 0.2621440000000001	 step = 295
234
97.93
15.064728535353533
[23.0, 32.0, 10.0, 9.0, 34.0, 10.0]
[34.0, 13.0, 12.0, 37.0, 31.0, 26.0]
T = 0.2097152000000001	 step = 337
234
97.93
15.064728535353533
[23.0, 32.0, 10.0, 9.0, 34.0, 10.0]
[34.0, 13.0, 12.0, 37.0, 31.0, 26.0]
T = 0.1677721600000001	 step = 379
234
97.93
15.064728535353533
[23.0, 32.0, 10.0, 9.0, 34.0, 10.0]
[34.0, 13.0, 12.0, 37.0, 31.0, 26.0]
T = 0.13421772800000006	 step = 421
234
97.93
15.064728535353533
[23.0, 32.0, 10.0, 9.0, 34.0, 10.0]
[34.0, 13.0, 12.0, 37.0, 31.0, 26.0]
T = 0.10737418240000006	 step = 463
234
97.93
15.064728535353533
[23.0, 32.0, 10.0, 9.0, 34.0, 10.0]
[34.0, 13.0, 12.0, 37.0, 31.0, 26.0]
T = 0.08589934592000005	 step = 505
234
97.93
15.064728535353533
[23.0, 32.0, 10.0, 9.0, 34.0, 10.0]
[34.0, 13.0, 12.0, 37.0, 31.0, 26.0]
T = 0.06871947673600004	 step = 547
234
97.93
15.064728535353533
[23.0, 32.0, 10.0, 9.0, 34.0, 10.0]
[34.0, 13.0, 12.0, 37.0, 31.0, 26.0]
T = 0.054975581388800036	 step = 589
234
97.93
15.064728535353533
[23.0, 32.0, 10.0, 9.0, 34.0, 10.0]
[34.0, 13.0, 12.0, 37.0, 31.0, 26.0]
T = 0.043980465111040035	 step = 631
623
97.91000000000003
14.017932449494948
[22.0, 32.0, 10.0, 9.0, 36.0, 8.0]
[35.0, 14.0, 13.0, 37.0, 30.0, 28.0]
T = 0.03518437208883203	 step = 673
623
97.91000000000003
14.017932449494948
[22.0, 32.0, 10.0, 9.0, 36.0, 8.0]
[35.0, 14.0, 13.0, 37.0, 30.0, 28.0]
T = 0.028147497671065627	 step = 715
623
97.91000000000003
14.017932449494948
[22.0, 32.0, 10.0, 9.0, 36.0, 8.0]
[35.0, 14.0, 13.0, 37.0, 30.0, 28.0]
T = 0.022517998136852502	 step = 757
623
97.91000000000003
14.017932449494948
[22.0, 32.0, 10.0, 9.0, 36.0, 8.0]
[35.0, 14.0, 13.0, 37.0, 30.0, 28.0]
T = 0.018014398509482003	 step = 799
793
97.55000000000001
14.140722853535351
[20.0, 32.0, 10.0, 7.0, 35.0, 7.0]
[34.0, 12.0, 10.0, 36.0, 27.0, 24.0]
T = 0.014411518807585602	 step = 841
839
97.43
14.140722853535353
[20.0, 32.0, 10.0, 7.0, 35.0, 7.0]
[35.0, 12.0, 10.0, 37.0, 26.0, 24.0]
T = 0.011529215046068483	 step = 883
839
97.43
14.140722853535353
[20.0, 32.0, 10.0, 7.0, 35.0, 7.0]
[35.0, 12.0, 10.0, 37.0, 26.0, 24.0]
