T = 1.0	 step = 1
1
117.04000000000002
20.723025731452452
[39.0, 7.0, 37.0, 41.0, 8.0, 16.0, 8.0, 20.0, 14.0, 30.0, 32.0, 24.0, 48.0, 22.0, 8.0, 16.0, 58.0, 32.0, 10.0, 10.0, 22.0, 60.0, 30.0, 42.0, 60.0, 46.0, 12.0, 20.0, 48.0, 64.0, 28.0, 54.0, 46.0, 34.0, 8.0, 40.0, 31.0, 39.0, 21.0, 37.0, 45.0, 43.0, 43.0, 29.0]
[22.0, 40.0, 56.0, 60.0, 3.0, 3.0, 11.0, 21.0, 41.0, 33.0, 3.0, 3.0, 15.0, 33.0, 61.0, 11.0, 5.0, 67.0, 21.0, 51.0, 51.0, 41.0, 23.0, 31.0, 17.0, 69.0, 33.0, 63.0, 43.0, 29.0, 13.0, 29.0, 5.0, 47.0, 69.0, 15.0, 56.0, 2.0, 40.0, 40.0, 54.0, 50.0, 22.0, 60.0]
T = 1.0	 step = 75
40
112.84000000000003
23.317539838035522
[67.0, 7.0, 38.0, 42.0, 8.0, 16.0, 8.0, 21.0, 68.0, 19.0, 32.0, 24.0, 48.0, 22.0, 8.0, 16.0, 58.0, 32.0, 10.0, 10.0, 61.0, 59.0, 31.0, 42.0, 58.0, 46.0, 12.0, 20.0, 46.0, 64.0, 28.0, 53.0, 46.0, 32.0, 7.0, 40.0, 31.0, 39.0, 22.0, 36.0, 45.0, 43.0, 4.0, 29.0]
[18.0, 40.0, 56.0, 61.0, 4.0, 3.0, 11.0, 21.0, 52.0, 49.0, 4.0, 3.0, 15.0, 33.0, 61.0, 11.0, 5.0, 68.0, 20.0, 51.0, 61.0, 42.0, 23.0, 31.0, 18.0, 69.0, 33.0, 64.0, 43.0, 29.0, 13.0, 29.0, 5.0, 47.0, 69.0, 15.0, 55.0, 2.0, 40.0, 40.0, 55.0, 51.0, 34.0, 60.0]
T = 0.8	 step = 149
95
111.14000000000004
24.10812010188087
[2.0, 6.0, 39.0, 21.0, 7.0, 16.0, 8.0, 49.0, 67.0, 19.0, 33.0, 24.0, 47.0, 21.0, 8.0, 16.0, 58.0, 32.0, 10.0, 9.0, 61.0, 59.0, 30.0, 43.0, 58.0, 46.0, 10.0, 20.0, 46.0, 63.0, 28.0, 53.0, 46.0, 31.0, 9.0, 40.0, 70.0, 39.0, 22.0, 36.0, 18.0, 43.0, 19.0, 29.0]
[4.0, 40.0, 56.0, 56.0, 4.0, 3.0, 11.0, 57.0, 52.0, 49.0, 4.0, 5.0, 17.0, 33.0, 60.0, 10.0, 5.0, 68.0, 20.0, 50.0, 61.0, 42.0, 23.0, 30.0, 18.0, 69.0, 34.0, 64.0, 43.0, 30.0, 13.0, 29.0, 6.0, 48.0, 69.0, 15.0, 11.0, 2.0, 41.0, 40.0, 16.0, 51.0, 26.0, 61.0]
T = 0.6400000000000001	 step = 223
166
110.49000000000001
25.663910658307206
[2.0, 7.0, 15.0, 21.0, 7.0, 16.0, 8.0, 48.0, 67.0, 19.0, 32.0, 68.0, 47.0, 22.0, 7.0, 16.0, 58.0, 31.0, 9.0, 10.0, 60.0, 59.0, 31.0, 43.0, 58.0, 47.0, 11.0, 19.0, 46.0, 64.0, 28.0, 53.0, 47.0, 30.0, 8.0, 40.0, 70.0, 39.0, 59.0, 2.0, 18.0, 41.0, 35.0, 70.0]
[4.0, 40.0, 58.0, 56.0, 4.0, 3.0, 11.0, 56.0, 52.0, 49.0, 4.0, 44.0, 17.0, 32.0, 61.0, 10.0, 5.0, 68.0, 20.0, 51.0, 62.0, 41.0, 23.0, 29.0, 18.0, 67.0, 34.0, 66.0, 44.0, 29.0, 13.0, 29.0, 6.0, 48.0, 70.0, 15.0, 12.0, 3.0, 54.0, 52.0, 15.0, 50.0, 59.0, 34.0]
T = 0.5120000000000001	 step = 297
297
110.78000000000003
24.454999346917447
[25.0, 7.0, 15.0, 21.0, 8.0, 16.0, 7.0, 47.0, 69.0, 19.0, 33.0, 69.0, 47.0, 22.0, 9.0, 15.0, 60.0, 31.0, 8.0, 10.0, 59.0, 59.0, 31.0, 43.0, 58.0, 46.0, 12.0, 19.0, 45.0, 64.0, 29.0, 53.0, 46.0, 30.0, 8.0, 39.0, 69.0, 39.0, 60.0, 3.0, 10.0, 41.0, 27.0, 69.0]
[6.0, 40.0, 43.0, 5.0, 4.0, 3.0, 11.0, 55.0, 52.0, 49.0, 5.0, 44.0, 16.0, 32.0, 61.0, 11.0, 6.0, 67.0, 20.0, 51.0, 62.0, 43.0, 24.0, 29.0, 19.0, 64.0, 34.0, 63.0, 45.0, 30.0, 13.0, 30.0, 6.0, 48.0, 69.0, 15.0, 12.0, 3.0, 55.0, 62.0, 28.0, 51.0, 39.0, 38.0]
T = 0.40960000000000013	 step = 371
319
110.59000000000003
24.511014563740854
[25.0, 7.0, 15.0, 21.0, 8.0, 16.0, 8.0, 47.0, 69.0, 19.0, 33.0, 70.0, 47.0, 22.0, 9.0, 15.0, 59.0, 32.0, 7.0, 10.0, 59.0, 60.0, 31.0, 43.0, 58.0, 46.0, 12.0, 19.0, 45.0, 64.0, 29.0, 53.0, 46.0, 31.0, 8.0, 39.0, 70.0, 39.0, 60.0, 3.0, 10.0, 41.0, 27.0, 69.0]
[7.0, 40.0, 44.0, 5.0, 4.0, 3.0, 11.0, 55.0, 53.0, 49.0, 5.0, 44.0, 16.0, 32.0, 61.0, 11.0, 6.0, 67.0, 20.0, 51.0, 62.0, 43.0, 24.0, 29.0, 19.0, 64.0, 34.0, 63.0, 45.0, 30.0, 13.0, 31.0, 6.0, 49.0, 69.0, 15.0, 11.0, 3.0, 55.0, 62.0, 28.0, 52.0, 39.0, 39.0]
T = 0.32768000000000014	 step = 445
319
110.59000000000003
24.511014563740854
[25.0, 7.0, 15.0, 21.0, 8.0, 16.0, 8.0, 47.0, 69.0, 19.0, 33.0, 70.0, 47.0, 22.0, 9.0, 15.0, 59.0, 32.0, 7.0, 10.0, 59.0, 60.0, 31.0, 43.0, 58.0, 46.0, 12.0, 19.0, 45.0, 64.0, 29.0, 53.0, 46.0, 31.0, 8.0, 39.0, 70.0, 39.0, 60.0, 3.0, 10.0, 41.0, 27.0, 69.0]
[7.0, 40.0, 44.0, 5.0, 4.0, 3.0, 11.0, 55.0, 53.0, 49.0, 5.0, 44.0, 16.0, 32.0, 61.0, 11.0, 6.0, 67.0, 20.0, 51.0, 62.0, 43.0, 24.0, 29.0, 19.0, 64.0, 34.0, 63.0, 45.0, 30.0, 13.0, 31.0, 6.0, 49.0, 69.0, 15.0, 11.0, 3.0, 55.0, 62.0, 28.0, 52.0, 39.0, 39.0]
T = 0.2621440000000001	 step = 519
319
110.59000000000003
24.511014563740854
[25.0, 7.0, 15.0, 21.0, 8.0, 16.0, 8.0, 47.0, 69.0, 19.0, 33.0, 70.0, 47.0, 22.0, 9.0, 15.0, 59.0, 32.0, 7.0, 10.0, 59.0, 60.0, 31.0, 43.0, 58.0, 46.0, 12.0, 19.0, 45.0, 64.0, 29.0, 53.0, 46.0, 31.0, 8.0, 39.0, 70.0, 39.0, 60.0, 3.0, 10.0, 41.0, 27.0, 69.0]
[7.0, 40.0, 44.0, 5.0, 4.0, 3.0, 11.0, 55.0, 53.0, 49.0, 5.0, 44.0, 16.0, 32.0, 61.0, 11.0, 6.0, 67.0, 20.0, 51.0, 62.0, 43.0, 24.0, 29.0, 19.0, 64.0, 34.0, 63.0, 45.0, 30.0, 13.0, 31.0, 6.0, 49.0, 69.0, 15.0, 11.0, 3.0, 55.0, 62.0, 28.0, 52.0, 39.0, 39.0]
T = 0.2097152000000001	 step = 593
319
110.59000000000003
24.511014563740854
[25.0, 7.0, 15.0, 21.0, 8.0, 16.0, 8.0, 47.0, 69.0, 19.0, 33.0, 70.0, 47.0, 22.0, 9.0, 15.0, 59.0, 32.0, 7.0, 10.0, 59.0, 60.0, 31.0, 43.0, 58.0, 46.0, 12.0, 19.0, 45.0, 64.0, 29.0, 53.0, 46.0, 31.0, 8.0, 39.0, 70.0, 39.0, 60.0, 3.0, 10.0, 41.0, 27.0, 69.0]
[7.0, 40.0, 44.0, 5.0, 4.0, 3.0, 11.0, 55.0, 53.0, 49.0, 5.0, 44.0, 16.0, 32.0, 61.0, 11.0, 6.0, 67.0, 20.0, 51.0, 62.0, 43.0, 24.0, 29.0, 19.0, 64.0, 34.0, 63.0, 45.0, 30.0, 13.0, 31.0, 6.0, 49.0, 69.0, 15.0, 11.0, 3.0, 55.0, 62.0, 28.0, 52.0, 39.0, 39.0]
T = 0.1677721600000001	 step = 667
319
110.59000000000003
24.511014563740854
[25.0, 7.0, 15.0, 21.0, 8.0, 16.0, 8.0, 47.0, 69.0, 19.0, 33.0, 70.0, 47.0, 22.0, 9.0, 15.0, 59.0, 32.0, 7.0, 10.0, 59.0, 60.0, 31.0, 43.0, 58.0, 46.0, 12.0, 19.0, 45.0, 64.0, 29.0, 53.0, 46.0, 31.0, 8.0, 39.0, 70.0, 39.0, 60.0, 3.0, 10.0, 41.0, 27.0, 69.0]
[7.0, 40.0, 44.0, 5.0, 4.0, 3.0, 11.0, 55.0, 53.0, 49.0, 5.0, 44.0, 16.0, 32.0, 61.0, 11.0, 6.0, 67.0, 20.0, 51.0, 62.0, 43.0, 24.0, 29.0, 19.0, 64.0, 34.0, 63.0, 45.0, 30.0, 13.0, 31.0, 6.0, 49.0, 69.0, 15.0, 11.0, 3.0, 55.0, 62.0, 28.0, 52.0, 39.0, 39.0]
T = 0.13421772800000006	 step = 741
319
110.59000000000003
24.511014563740854
[25.0, 7.0, 15.0, 21.0, 8.0, 16.0, 8.0, 47.0, 69.0, 19.0, 33.0, 70.0, 47.0, 22.0, 9.0, 15.0, 59.0, 32.0, 7.0, 10.0, 59.0, 60.0, 31.0, 43.0, 58.0, 46.0, 12.0, 19.0, 45.0, 64.0, 29.0, 53.0, 46.0, 31.0, 8.0, 39.0, 70.0, 39.0, 60.0, 3.0, 10.0, 41.0, 27.0, 69.0]
[7.0, 40.0, 44.0, 5.0, 4.0, 3.0, 11.0, 55.0, 53.0, 49.0, 5.0, 44.0, 16.0, 32.0, 61.0, 11.0, 6.0, 67.0, 20.0, 51.0, 62.0, 43.0, 24.0, 29.0, 19.0, 64.0, 34.0, 63.0, 45.0, 30.0, 13.0, 31.0, 6.0, 49.0, 69.0, 15.0, 11.0, 3.0, 55.0, 62.0, 28.0, 52.0, 39.0, 39.0]
T = 0.10737418240000006	 step = 815
319
110.59000000000003
24.511014563740854
[25.0, 7.0, 15.0, 21.0, 8.0, 16.0, 8.0, 47.0, 69.0, 19.0, 33.0, 70.0, 47.0, 22.0, 9.0, 15.0, 59.0, 32.0, 7.0, 10.0, 59.0, 60.0, 31.0, 43.0, 58.0, 46.0, 12.0, 19.0, 45.0, 64.0, 29.0, 53.0, 46.0, 31.0, 8.0, 39.0, 70.0, 39.0, 60.0, 3.0, 10.0, 41.0, 27.0, 69.0]
[7.0, 40.0, 44.0, 5.0, 4.0, 3.0, 11.0, 55.0, 53.0, 49.0, 5.0, 44.0, 16.0, 32.0, 61.0, 11.0, 6.0, 67.0, 20.0, 51.0, 62.0, 43.0, 24.0, 29.0, 19.0, 64.0, 34.0, 63.0, 45.0, 30.0, 13.0, 31.0, 6.0, 49.0, 69.0, 15.0, 11.0, 3.0, 55.0, 62.0, 28.0, 52.0, 39.0, 39.0]
T = 0.08589934592000005	 step = 889
319
110.59000000000003
24.511014563740854
[25.0, 7.0, 15.0, 21.0, 8.0, 16.0, 8.0, 47.0, 69.0, 19.0, 33.0, 70.0, 47.0, 22.0, 9.0, 15.0, 59.0, 32.0, 7.0, 10.0, 59.0, 60.0, 31.0, 43.0, 58.0, 46.0, 12.0, 19.0, 45.0, 64.0, 29.0, 53.0, 46.0, 31.0, 8.0, 39.0, 70.0, 39.0, 60.0, 3.0, 10.0, 41.0, 27.0, 69.0]
[7.0, 40.0, 44.0, 5.0, 4.0, 3.0, 11.0, 55.0, 53.0, 49.0, 5.0, 44.0, 16.0, 32.0, 61.0, 11.0, 6.0, 67.0, 20.0, 51.0, 62.0, 43.0, 24.0, 29.0, 19.0, 64.0, 34.0, 63.0, 45.0, 30.0, 13.0, 31.0, 6.0, 49.0, 69.0, 15.0, 11.0, 3.0, 55.0, 62.0, 28.0, 52.0, 39.0, 39.0]
T = 0.06871947673600004	 step = 963
319
110.59000000000003
24.511014563740854
[25.0, 7.0, 15.0, 21.0, 8.0, 16.0, 8.0, 47.0, 69.0, 19.0, 33.0, 70.0, 47.0, 22.0, 9.0, 15.0, 59.0, 32.0, 7.0, 10.0, 59.0, 60.0, 31.0, 43.0, 58.0, 46.0, 12.0, 19.0, 45.0, 64.0, 29.0, 53.0, 46.0, 31.0, 8.0, 39.0, 70.0, 39.0, 60.0, 3.0, 10.0, 41.0, 27.0, 69.0]
[7.0, 40.0, 44.0, 5.0, 4.0, 3.0, 11.0, 55.0, 53.0, 49.0, 5.0, 44.0, 16.0, 32.0, 61.0, 11.0, 6.0, 67.0, 20.0, 51.0, 62.0, 43.0, 24.0, 29.0, 19.0, 64.0, 34.0, 63.0, 45.0, 30.0, 13.0, 31.0, 6.0, 49.0, 69.0, 15.0, 11.0, 3.0, 55.0, 62.0, 28.0, 52.0, 39.0, 39.0]
T = 0.054975581388800036	 step = 1037
319
110.59000000000003
24.511014563740854
[25.0, 7.0, 15.0, 21.0, 8.0, 16.0, 8.0, 47.0, 69.0, 19.0, 33.0, 70.0, 47.0, 22.0, 9.0, 15.0, 59.0, 32.0, 7.0, 10.0, 59.0, 60.0, 31.0, 43.0, 58.0, 46.0, 12.0, 19.0, 45.0, 64.0, 29.0, 53.0, 46.0, 31.0, 8.0, 39.0, 70.0, 39.0, 60.0, 3.0, 10.0, 41.0, 27.0, 69.0]
[7.0, 40.0, 44.0, 5.0, 4.0, 3.0, 11.0, 55.0, 53.0, 49.0, 5.0, 44.0, 16.0, 32.0, 61.0, 11.0, 6.0, 67.0, 20.0, 51.0, 62.0, 43.0, 24.0, 29.0, 19.0, 64.0, 34.0, 63.0, 45.0, 30.0, 13.0, 31.0, 6.0, 49.0, 69.0, 15.0, 11.0, 3.0, 55.0, 62.0, 28.0, 52.0, 39.0, 39.0]
T = 0.043980465111040035	 step = 1111
319
110.59000000000003
24.511014563740854
[25.0, 7.0, 15.0, 21.0, 8.0, 16.0, 8.0, 47.0, 69.0, 19.0, 33.0, 70.0, 47.0, 22.0, 9.0, 15.0, 59.0, 32.0, 7.0, 10.0, 59.0, 60.0, 31.0, 43.0, 58.0, 46.0, 12.0, 19.0, 45.0, 64.0, 29.0, 53.0, 46.0, 31.0, 8.0, 39.0, 70.0, 39.0, 60.0, 3.0, 10.0, 41.0, 27.0, 69.0]
[7.0, 40.0, 44.0, 5.0, 4.0, 3.0, 11.0, 55.0, 53.0, 49.0, 5.0, 44.0, 16.0, 32.0, 61.0, 11.0, 6.0, 67.0, 20.0, 51.0, 62.0, 43.0, 24.0, 29.0, 19.0, 64.0, 34.0, 63.0, 45.0, 30.0, 13.0, 31.0, 6.0, 49.0, 69.0, 15.0, 11.0, 3.0, 55.0, 62.0, 28.0, 52.0, 39.0, 39.0]
T = 0.03518437208883203	 step = 1185
319
110.59000000000003
24.511014563740854
[25.0, 7.0, 15.0, 21.0, 8.0, 16.0, 8.0, 47.0, 69.0, 19.0, 33.0, 70.0, 47.0, 22.0, 9.0, 15.0, 59.0, 32.0, 7.0, 10.0, 59.0, 60.0, 31.0, 43.0, 58.0, 46.0, 12.0, 19.0, 45.0, 64.0, 29.0, 53.0, 46.0, 31.0, 8.0, 39.0, 70.0, 39.0, 60.0, 3.0, 10.0, 41.0, 27.0, 69.0]
[7.0, 40.0, 44.0, 5.0, 4.0, 3.0, 11.0, 55.0, 53.0, 49.0, 5.0, 44.0, 16.0, 32.0, 61.0, 11.0, 6.0, 67.0, 20.0, 51.0, 62.0, 43.0, 24.0, 29.0, 19.0, 64.0, 34.0, 63.0, 45.0, 30.0, 13.0, 31.0, 6.0, 49.0, 69.0, 15.0, 11.0, 3.0, 55.0, 62.0, 28.0, 52.0, 39.0, 39.0]
T = 0.028147497671065627	 step = 1259
319
110.59000000000003
24.511014563740854
[25.0, 7.0, 15.0, 21.0, 8.0, 16.0, 8.0, 47.0, 69.0, 19.0, 33.0, 70.0, 47.0, 22.0, 9.0, 15.0, 59.0, 32.0, 7.0, 10.0, 59.0, 60.0, 31.0, 43.0, 58.0, 46.0, 12.0, 19.0, 45.0, 64.0, 29.0, 53.0, 46.0, 31.0, 8.0, 39.0, 70.0, 39.0, 60.0, 3.0, 10.0, 41.0, 27.0, 69.0]
[7.0, 40.0, 44.0, 5.0, 4.0, 3.0, 11.0, 55.0, 53.0, 49.0, 5.0, 44.0, 16.0, 32.0, 61.0, 11.0, 6.0, 67.0, 20.0, 51.0, 62.0, 43.0, 24.0, 29.0, 19.0, 64.0, 34.0, 63.0, 45.0, 30.0, 13.0, 31.0, 6.0, 49.0, 69.0, 15.0, 11.0, 3.0, 55.0, 62.0, 28.0, 52.0, 39.0, 39.0]
T = 0.022517998136852502	 step = 1333
319
110.59000000000003
24.511014563740854
[25.0, 7.0, 15.0, 21.0, 8.0, 16.0, 8.0, 47.0, 69.0, 19.0, 33.0, 70.0, 47.0, 22.0, 9.0, 15.0, 59.0, 32.0, 7.0, 10.0, 59.0, 60.0, 31.0, 43.0, 58.0, 46.0, 12.0, 19.0, 45.0, 64.0, 29.0, 53.0, 46.0, 31.0, 8.0, 39.0, 70.0, 39.0, 60.0, 3.0, 10.0, 41.0, 27.0, 69.0]
[7.0, 40.0, 44.0, 5.0, 4.0, 3.0, 11.0, 55.0, 53.0, 49.0, 5.0, 44.0, 16.0, 32.0, 61.0, 11.0, 6.0, 67.0, 20.0, 51.0, 62.0, 43.0, 24.0, 29.0, 19.0, 64.0, 34.0, 63.0, 45.0, 30.0, 13.0, 31.0, 6.0, 49.0, 69.0, 15.0, 11.0, 3.0, 55.0, 62.0, 28.0, 52.0, 39.0, 39.0]
T = 0.018014398509482003	 step = 1407
1405
109.46000000000004
28.74911964472309
[21.0, 2.0, 4.0, 31.0, 8.0, 66.0, 13.0, 22.0, 67.0, 49.0, 61.0, 20.0, 50.0, 23.0, 6.0, 68.0, 62.0, 32.0, 7.0, 9.0, 56.0, 57.0, 29.0, 41.0, 62.0, 44.0, 8.0, 20.0, 45.0, 62.0, 24.0, 52.0, 49.0, 29.0, 10.0, 31.0, 44.0, 32.0, 42.0, 21.0, 19.0, 69.0, 34.0, 71.0]
[20.0, 14.0, 43.0, 58.0, 5.0, 46.0, 12.0, 14.0, 69.0, 52.0, 54.0, 49.0, 18.0, 33.0, 62.0, 55.0, 8.0, 66.0, 23.0, 53.0, 67.0, 43.0, 23.0, 25.0, 18.0, 66.0, 35.0, 64.0, 43.0, 29.0, 5.0, 30.0, 6.0, 51.0, 69.0, 40.0, 13.0, 12.0, 55.0, 56.0, 40.0, 40.0, 3.0, 23.0]
T = 0.014411518807585602	 step = 1481
1477
108.11000000000001
29.497743273249736
[8.0, 2.0, 3.0, 30.0, 8.0, 66.0, 12.0, 20.0, 67.0, 49.0, 61.0, 19.0, 50.0, 23.0, 6.0, 69.0, 63.0, 32.0, 7.0, 9.0, 56.0, 57.0, 28.0, 41.0, 62.0, 44.0, 8.0, 20.0, 43.0, 62.0, 23.0, 52.0, 47.0, 29.0, 9.0, 29.0, 2.0, 32.0, 71.0, 20.0, 20.0, 69.0, 33.0, 71.0]
[45.0, 13.0, 42.0, 58.0, 5.0, 47.0, 13.0, 14.0, 69.0, 53.0, 54.0, 50.0, 18.0, 33.0, 62.0, 55.0, 8.0, 67.0, 24.0, 53.0, 68.0, 43.0, 24.0, 25.0, 18.0, 66.0, 36.0, 64.0, 44.0, 29.0, 5.0, 30.0, 6.0, 51.0, 69.0, 41.0, 54.0, 12.0, 47.0, 56.0, 40.0, 39.0, 3.0, 21.0]
T = 0.011529215046068483	 step = 1555
1525
107.93
28.715268416927895
[7.0, 2.0, 4.0, 30.0, 8.0, 66.0, 12.0, 20.0, 67.0, 50.0, 60.0, 13.0, 50.0, 22.0, 6.0, 69.0, 64.0, 32.0, 7.0, 11.0, 57.0, 57.0, 28.0, 41.0, 62.0, 44.0, 8.0, 20.0, 44.0, 62.0, 22.0, 52.0, 47.0, 30.0, 9.0, 29.0, 2.0, 33.0, 71.0, 19.0, 20.0, 36.0, 42.0, 71.0]
[45.0, 15.0, 42.0, 59.0, 4.0, 45.0, 14.0, 13.0, 69.0, 53.0, 54.0, 44.0, 18.0, 34.0, 62.0, 54.0, 8.0, 67.0, 25.0, 53.0, 68.0, 43.0, 23.0, 25.0, 18.0, 65.0, 35.0, 64.0, 44.0, 29.0, 5.0, 30.0, 6.0, 50.0, 70.0, 41.0, 55.0, 12.0, 47.0, 56.0, 40.0, 59.0, 56.0, 21.0]
