T = 1.0	 step = 1
1
120.05000000000001
18.316772727272724
[29.0, 29.0, 46.0, 46.0, 12.0, 12.0, 23.0, 29.0, 9.0, 29.0, 43.0]
[27.0, 41.0, 40.0, 10.0, 30.0, 10.0, 53.0, 5.0, 45.0, 15.0, 25.0]
T = 1.0	 step = 60
60
117.48000000000002
18.971343750000003
[29.0, 31.0, 48.0, 47.0, 12.0, 13.0, 23.0, 30.0, 7.0, 30.0, 49.0]
[28.0, 41.0, 43.0, 10.0, 33.0, 10.0, 52.0, 6.0, 48.0, 15.0, 26.0]
T = 0.8	 step = 119
108
114.82000000000005
18.629275568181814
[33.0, 31.0, 49.0, 47.0, 11.0, 10.0, 23.0, 29.0, 8.0, 28.0, 47.0]
[27.0, 40.0, 44.0, 10.0, 34.0, 11.0, 51.0, 6.0, 50.0, 15.0, 25.0]
T = 0.6400000000000001	 step = 178
170
112.45000000000005
19.80934517045454
[34.0, 33.0, 49.0, 49.0, 11.0, 10.0, 22.0, 27.0, 7.0, 31.0, 49.0]
[27.0, 41.0, 45.0, 10.0, 37.0, 10.0, 53.0, 5.0, 51.0, 15.0, 25.0]
T = 0.5120000000000001	 step = 237
211
111.86000000000001
19.235639204545453
[34.0, 33.0, 49.0, 49.0, 10.0, 10.0, 21.0, 26.0, 8.0, 32.0, 47.0]
[26.0, 40.0, 48.0, 10.0, 38.0, 14.0, 52.0, 5.0, 53.0, 15.0, 27.0]
T = 0.40960000000000013	 step = 296
211
111.86000000000001
19.235639204545453
[34.0, 33.0, 49.0, 49.0, 10.0, 10.0, 21.0, 26.0, 8.0, 32.0, 47.0]
[26.0, 40.0, 48.0, 10.0, 38.0, 14.0, 52.0, 5.0, 53.0, 15.0, 27.0]
T = 0.32768000000000014	 step = 355
211
111.86000000000001
19.235639204545453
[34.0, 33.0, 49.0, 49.0, 10.0, 10.0, 21.0, 26.0, 8.0, 32.0, 47.0]
[26.0, 40.0, 48.0, 10.0, 38.0, 14.0, 52.0, 5.0, 53.0, 15.0, 27.0]
T = 0.2621440000000001	 step = 414
211
111.86000000000001
19.235639204545453
[34.0, 33.0, 49.0, 49.0, 10.0, 10.0, 21.0, 26.0, 8.0, 32.0, 47.0]
[26.0, 40.0, 48.0, 10.0, 38.0, 14.0, 52.0, 5.0, 53.0, 15.0, 27.0]
T = 0.2097152000000001	 step = 473
211
111.86000000000001
19.235639204545453
[34.0, 33.0, 49.0, 49.0, 10.0, 10.0, 21.0, 26.0, 8.0, 32.0, 47.0]
[26.0, 40.0, 48.0, 10.0, 38.0, 14.0, 52.0, 5.0, 53.0, 15.0, 27.0]
T = 0.1677721600000001	 step = 532
211
111.86000000000001
19.235639204545453
[34.0, 33.0, 49.0, 49.0, 10.0, 10.0, 21.0, 26.0, 8.0, 32.0, 47.0]
[26.0, 40.0, 48.0, 10.0, 38.0, 14.0, 52.0, 5.0, 53.0, 15.0, 27.0]
T = 0.13421772800000006	 step = 591
211
111.86000000000001
19.235639204545453
[34.0, 33.0, 49.0, 49.0, 10.0, 10.0, 21.0, 26.0, 8.0, 32.0, 47.0]
[26.0, 40.0, 48.0, 10.0, 38.0, 14.0, 52.0, 5.0, 53.0, 15.0, 27.0]
T = 0.10737418240000006	 step = 650
211
111.86000000000001
19.235639204545453
[34.0, 33.0, 49.0, 49.0, 10.0, 10.0, 21.0, 26.0, 8.0, 32.0, 47.0]
[26.0, 40.0, 48.0, 10.0, 38.0, 14.0, 52.0, 5.0, 53.0, 15.0, 27.0]
T = 0.08589934592000005	 step = 709
211
111.86000000000001
19.235639204545453
[34.0, 33.0, 49.0, 49.0, 10.0, 10.0, 21.0, 26.0, 8.0, 32.0, 47.0]
[26.0, 40.0, 48.0, 10.0, 38.0, 14.0, 52.0, 5.0, 53.0, 15.0, 27.0]
T = 0.06871947673600004	 step = 768
211
111.86000000000001
19.235639204545453
[34.0, 33.0, 49.0, 49.0, 10.0, 10.0, 21.0, 26.0, 8.0, 32.0, 47.0]
[26.0, 40.0, 48.0, 10.0, 38.0, 14.0, 52.0, 5.0, 53.0, 15.0, 27.0]
T = 0.054975581388800036	 step = 827
211
111.86000000000001
19.235639204545453
[34.0, 33.0, 49.0, 49.0, 10.0, 10.0, 21.0, 26.0, 8.0, 32.0, 47.0]
[26.0, 40.0, 48.0, 10.0, 38.0, 14.0, 52.0, 5.0, 53.0, 15.0, 27.0]
T = 0.043980465111040035	 step = 886
211
111.86000000000001
19.235639204545453
[34.0, 33.0, 49.0, 49.0, 10.0, 10.0, 21.0, 26.0, 8.0, 32.0, 47.0]
[26.0, 40.0, 48.0, 10.0, 38.0, 14.0, 52.0, 5.0, 53.0, 15.0, 27.0]
T = 0.03518437208883203	 step = 945
211
111.86000000000001
19.235639204545453
[34.0, 33.0, 49.0, 49.0, 10.0, 10.0, 21.0, 26.0, 8.0, 32.0, 47.0]
[26.0, 40.0, 48.0, 10.0, 38.0, 14.0, 52.0, 5.0, 53.0, 15.0, 27.0]
T = 0.028147497671065627	 step = 1004
1004
112.32000000000005
18.13644602272727
[34.0, 31.0, 48.0, 49.0, 10.0, 12.0, 31.0, 33.0, 7.0, 30.0, 48.0]
[28.0, 41.0, 49.0, 10.0, 33.0, 10.0, 54.0, 6.0, 47.0, 16.0, 28.0]
T = 0.022517998136852502	 step = 1063
1026
111.37
18.989002840909087
[34.0, 31.0, 48.0, 49.0, 10.0, 10.0, 31.0, 32.0, 8.0, 31.0, 47.0]
[27.0, 42.0, 49.0, 10.0, 33.0, 10.0, 54.0, 6.0, 49.0, 15.0, 26.0]
T = 0.018014398509482003	 step = 1122
1089
110.76000000000005
19.345142045454544
[35.0, 30.0, 47.0, 49.0, 10.0, 11.0, 29.0, 30.0, 10.0, 31.0, 52.0]
[28.0, 43.0, 49.0, 10.0, 35.0, 10.0, 54.0, 5.0, 50.0, 15.0, 28.0]
T = 0.014411518807585602	 step = 1181
1089
110.76000000000005
19.345142045454544
[35.0, 30.0, 47.0, 49.0, 10.0, 11.0, 29.0, 30.0, 10.0, 31.0, 52.0]
[28.0, 43.0, 49.0, 10.0, 35.0, 10.0, 54.0, 5.0, 50.0, 15.0, 28.0]
T = 0.011529215046068483	 step = 1240
1233
110.11000000000001
18.204723011363633
[38.0, 32.0, 49.0, 48.0, 10.0, 10.0, 33.0, 31.0, 11.0, 30.0, 53.0]
[26.0, 43.0, 49.0, 10.0, 38.0, 14.0, 54.0, 6.0, 52.0, 15.0, 26.0]
