T = 1.0	 step = 1
1
74.20000000000005
10.084178799715907
[15.0, 15.0, 19.0, 11.0, 7.0, 9.0, 9.0, 3.0, 24.0, 14.0, 34.0, 12.0, 19.0, 17.0, 23.0, 3.0, 3.0, 3.0, 9.0, 3.0, 20.0, 13.0, 23.0, 13.0, 3.0, 2.0, 7.0, 2.0]
[11.0, 17.0, 7.0, 11.0, 21.0, 25.0, 3.0, 7.0, 4.0, 24.0, 6.0, 34.0, 19.0, 3.0, 11.0, 3.0, 13.0, 33.0, 17.0, 17.0, 23.0, 6.0, 14.0, 2.0, 20.0, 29.0, 8.0, 25.0]
T = 1.0	 step = 41
3
74.23000000000002
10.05674094460227
[15.0, 15.0, 19.0, 11.0, 7.0, 9.0, 9.0, 3.0, 24.0, 14.0, 34.0, 12.0, 19.0, 17.0, 23.0, 3.0, 3.0, 3.0, 8.0, 3.0, 20.0, 13.0, 23.0, 13.0, 3.0, 2.0, 7.0, 2.0]
[11.0, 17.0, 7.0, 12.0, 21.0, 25.0, 3.0, 7.0, 4.0, 24.0, 6.0, 34.0, 19.0, 3.0, 11.0, 3.0, 13.0, 33.0, 17.0, 17.0, 23.0, 6.0, 14.0, 2.0, 20.0, 29.0, 8.0, 25.0]
T = 0.8	 step = 81
3
74.23000000000002
10.05674094460227
[15.0, 15.0, 19.0, 11.0, 7.0, 9.0, 9.0, 3.0, 24.0, 14.0, 34.0, 12.0, 19.0, 17.0, 23.0, 3.0, 3.0, 3.0, 8.0, 3.0, 20.0, 13.0, 23.0, 13.0, 3.0, 2.0, 7.0, 2.0]
[11.0, 17.0, 7.0, 12.0, 21.0, 25.0, 3.0, 7.0, 4.0, 24.0, 6.0, 34.0, 19.0, 3.0, 11.0, 3.0, 13.0, 33.0, 17.0, 17.0, 23.0, 6.0, 14.0, 2.0, 20.0, 29.0, 8.0, 25.0]
T = 0.6400000000000001	 step = 121
3
74.23000000000002
10.05674094460227
[15.0, 15.0, 19.0, 11.0, 7.0, 9.0, 9.0, 3.0, 24.0, 14.0, 34.0, 12.0, 19.0, 17.0, 23.0, 3.0, 3.0, 3.0, 8.0, 3.0, 20.0, 13.0, 23.0, 13.0, 3.0, 2.0, 7.0, 2.0]
[11.0, 17.0, 7.0, 12.0, 21.0, 25.0, 3.0, 7.0, 4.0, 24.0, 6.0, 34.0, 19.0, 3.0, 11.0, 3.0, 13.0, 33.0, 17.0, 17.0, 23.0, 6.0, 14.0, 2.0, 20.0, 29.0, 8.0, 25.0]
T = 0.5120000000000001	 step = 161
3
74.23000000000002
10.05674094460227
[15.0, 15.0, 19.0, 11.0, 7.0, 9.0, 9.0, 3.0, 24.0, 14.0, 34.0, 12.0, 19.0, 17.0, 23.0, 3.0, 3.0, 3.0, 8.0, 3.0, 20.0, 13.0, 23.0, 13.0, 3.0, 2.0, 7.0, 2.0]
[11.0, 17.0, 7.0, 12.0, 21.0, 25.0, 3.0, 7.0, 4.0, 24.0, 6.0, 34.0, 19.0, 3.0, 11.0, 3.0, 13.0, 33.0, 17.0, 17.0, 23.0, 6.0, 14.0, 2.0, 20.0, 29.0, 8.0, 25.0]
T = 0.40960000000000013	 step = 201
3
74.23000000000002
10.05674094460227
[15.0, 15.0, 19.0, 11.0, 7.0, 9.0, 9.0, 3.0, 24.0, 14.0, 34.0, 12.0, 19.0, 17.0, 23.0, 3.0, 3.0, 3.0, 8.0, 3.0, 20.0, 13.0, 23.0, 13.0, 3.0, 2.0, 7.0, 2.0]
[11.0, 17.0, 7.0, 12.0, 21.0, 25.0, 3.0, 7.0, 4.0, 24.0, 6.0, 34.0, 19.0, 3.0, 11.0, 3.0, 13.0, 33.0, 17.0, 17.0, 23.0, 6.0, 14.0, 2.0, 20.0, 29.0, 8.0, 25.0]
T = 0.32768000000000014	 step = 241
3
74.23000000000002
10.05674094460227
[15.0, 15.0, 19.0, 11.0, 7.0, 9.0, 9.0, 3.0, 24.0, 14.0, 34.0, 12.0, 19.0, 17.0, 23.0, 3.0, 3.0, 3.0, 8.0, 3.0, 20.0, 13.0, 23.0, 13.0, 3.0, 2.0, 7.0, 2.0]
[11.0, 17.0, 7.0, 12.0, 21.0, 25.0, 3.0, 7.0, 4.0, 24.0, 6.0, 34.0, 19.0, 3.0, 11.0, 3.0, 13.0, 33.0, 17.0, 17.0, 23.0, 6.0, 14.0, 2.0, 20.0, 29.0, 8.0, 25.0]
T = 0.2621440000000001	 step = 281
3
74.23000000000002
10.05674094460227
[15.0, 15.0, 19.0, 11.0, 7.0, 9.0, 9.0, 3.0, 24.0, 14.0, 34.0, 12.0, 19.0, 17.0, 23.0, 3.0, 3.0, 3.0, 8.0, 3.0, 20.0, 13.0, 23.0, 13.0, 3.0, 2.0, 7.0, 2.0]
[11.0, 17.0, 7.0, 12.0, 21.0, 25.0, 3.0, 7.0, 4.0, 24.0, 6.0, 34.0, 19.0, 3.0, 11.0, 3.0, 13.0, 33.0, 17.0, 17.0, 23.0, 6.0, 14.0, 2.0, 20.0, 29.0, 8.0, 25.0]
T = 0.2097152000000001	 step = 321
3
74.23000000000002
10.05674094460227
[15.0, 15.0, 19.0, 11.0, 7.0, 9.0, 9.0, 3.0, 24.0, 14.0, 34.0, 12.0, 19.0, 17.0, 23.0, 3.0, 3.0, 3.0, 8.0, 3.0, 20.0, 13.0, 23.0, 13.0, 3.0, 2.0, 7.0, 2.0]
[11.0, 17.0, 7.0, 12.0, 21.0, 25.0, 3.0, 7.0, 4.0, 24.0, 6.0, 34.0, 19.0, 3.0, 11.0, 3.0, 13.0, 33.0, 17.0, 17.0, 23.0, 6.0, 14.0, 2.0, 20.0, 29.0, 8.0, 25.0]
T = 0.1677721600000001	 step = 361
3
74.23000000000002
10.05674094460227
[15.0, 15.0, 19.0, 11.0, 7.0, 9.0, 9.0, 3.0, 24.0, 14.0, 34.0, 12.0, 19.0, 17.0, 23.0, 3.0, 3.0, 3.0, 8.0, 3.0, 20.0, 13.0, 23.0, 13.0, 3.0, 2.0, 7.0, 2.0]
[11.0, 17.0, 7.0, 12.0, 21.0, 25.0, 3.0, 7.0, 4.0, 24.0, 6.0, 34.0, 19.0, 3.0, 11.0, 3.0, 13.0, 33.0, 17.0, 17.0, 23.0, 6.0, 14.0, 2.0, 20.0, 29.0, 8.0, 25.0]
T = 0.13421772800000006	 step = 401
3
74.23000000000002
10.05674094460227
[15.0, 15.0, 19.0, 11.0, 7.0, 9.0, 9.0, 3.0, 24.0, 14.0, 34.0, 12.0, 19.0, 17.0, 23.0, 3.0, 3.0, 3.0, 8.0, 3.0, 20.0, 13.0, 23.0, 13.0, 3.0, 2.0, 7.0, 2.0]
[11.0, 17.0, 7.0, 12.0, 21.0, 25.0, 3.0, 7.0, 4.0, 24.0, 6.0, 34.0, 19.0, 3.0, 11.0, 3.0, 13.0, 33.0, 17.0, 17.0, 23.0, 6.0, 14.0, 2.0, 20.0, 29.0, 8.0, 25.0]
T = 0.10737418240000006	 step = 441
3
74.23000000000002
10.05674094460227
[15.0, 15.0, 19.0, 11.0, 7.0, 9.0, 9.0, 3.0, 24.0, 14.0, 34.0, 12.0, 19.0, 17.0, 23.0, 3.0, 3.0, 3.0, 8.0, 3.0, 20.0, 13.0, 23.0, 13.0, 3.0, 2.0, 7.0, 2.0]
[11.0, 17.0, 7.0, 12.0, 21.0, 25.0, 3.0, 7.0, 4.0, 24.0, 6.0, 34.0, 19.0, 3.0, 11.0, 3.0, 13.0, 33.0, 17.0, 17.0, 23.0, 6.0, 14.0, 2.0, 20.0, 29.0, 8.0, 25.0]
T = 0.08589934592000005	 step = 481
3
74.23000000000002
10.05674094460227
[15.0, 15.0, 19.0, 11.0, 7.0, 9.0, 9.0, 3.0, 24.0, 14.0, 34.0, 12.0, 19.0, 17.0, 23.0, 3.0, 3.0, 3.0, 8.0, 3.0, 20.0, 13.0, 23.0, 13.0, 3.0, 2.0, 7.0, 2.0]
[11.0, 17.0, 7.0, 12.0, 21.0, 25.0, 3.0, 7.0, 4.0, 24.0, 6.0, 34.0, 19.0, 3.0, 11.0, 3.0, 13.0, 33.0, 17.0, 17.0, 23.0, 6.0, 14.0, 2.0, 20.0, 29.0, 8.0, 25.0]
T = 0.06871947673600004	 step = 521
3
74.23000000000002
10.05674094460227
[15.0, 15.0, 19.0, 11.0, 7.0, 9.0, 9.0, 3.0, 24.0, 14.0, 34.0, 12.0, 19.0, 17.0, 23.0, 3.0, 3.0, 3.0, 8.0, 3.0, 20.0, 13.0, 23.0, 13.0, 3.0, 2.0, 7.0, 2.0]
[11.0, 17.0, 7.0, 12.0, 21.0, 25.0, 3.0, 7.0, 4.0, 24.0, 6.0, 34.0, 19.0, 3.0, 11.0, 3.0, 13.0, 33.0, 17.0, 17.0, 23.0, 6.0, 14.0, 2.0, 20.0, 29.0, 8.0, 25.0]
T = 0.054975581388800036	 step = 561
3
74.23000000000002
10.05674094460227
[15.0, 15.0, 19.0, 11.0, 7.0, 9.0, 9.0, 3.0, 24.0, 14.0, 34.0, 12.0, 19.0, 17.0, 23.0, 3.0, 3.0, 3.0, 8.0, 3.0, 20.0, 13.0, 23.0, 13.0, 3.0, 2.0, 7.0, 2.0]
[11.0, 17.0, 7.0, 12.0, 21.0, 25.0, 3.0, 7.0, 4.0, 24.0, 6.0, 34.0, 19.0, 3.0, 11.0, 3.0, 13.0, 33.0, 17.0, 17.0, 23.0, 6.0, 14.0, 2.0, 20.0, 29.0, 8.0, 25.0]
T = 0.043980465111040035	 step = 601
3
74.23000000000002
10.05674094460227
[15.0, 15.0, 19.0, 11.0, 7.0, 9.0, 9.0, 3.0, 24.0, 14.0, 34.0, 12.0, 19.0, 17.0, 23.0, 3.0, 3.0, 3.0, 8.0, 3.0, 20.0, 13.0, 23.0, 13.0, 3.0, 2.0, 7.0, 2.0]
[11.0, 17.0, 7.0, 12.0, 21.0, 25.0, 3.0, 7.0, 4.0, 24.0, 6.0, 34.0, 19.0, 3.0, 11.0, 3.0, 13.0, 33.0, 17.0, 17.0, 23.0, 6.0, 14.0, 2.0, 20.0, 29.0, 8.0, 25.0]
T = 0.03518437208883203	 step = 641
3
74.23000000000002
10.05674094460227
[15.0, 15.0, 19.0, 11.0, 7.0, 9.0, 9.0, 3.0, 24.0, 14.0, 34.0, 12.0, 19.0, 17.0, 23.0, 3.0, 3.0, 3.0, 8.0, 3.0, 20.0, 13.0, 23.0, 13.0, 3.0, 2.0, 7.0, 2.0]
[11.0, 17.0, 7.0, 12.0, 21.0, 25.0, 3.0, 7.0, 4.0, 24.0, 6.0, 34.0, 19.0, 3.0, 11.0, 3.0, 13.0, 33.0, 17.0, 17.0, 23.0, 6.0, 14.0, 2.0, 20.0, 29.0, 8.0, 25.0]
T = 0.028147497671065627	 step = 681
3
74.23000000000002
10.05674094460227
[15.0, 15.0, 19.0, 11.0, 7.0, 9.0, 9.0, 3.0, 24.0, 14.0, 34.0, 12.0, 19.0, 17.0, 23.0, 3.0, 3.0, 3.0, 8.0, 3.0, 20.0, 13.0, 23.0, 13.0, 3.0, 2.0, 7.0, 2.0]
[11.0, 17.0, 7.0, 12.0, 21.0, 25.0, 3.0, 7.0, 4.0, 24.0, 6.0, 34.0, 19.0, 3.0, 11.0, 3.0, 13.0, 33.0, 17.0, 17.0, 23.0, 6.0, 14.0, 2.0, 20.0, 29.0, 8.0, 25.0]
T = 0.022517998136852502	 step = 721
3
74.23000000000002
10.05674094460227
[15.0, 15.0, 19.0, 11.0, 7.0, 9.0, 9.0, 3.0, 24.0, 14.0, 34.0, 12.0, 19.0, 17.0, 23.0, 3.0, 3.0, 3.0, 8.0, 3.0, 20.0, 13.0, 23.0, 13.0, 3.0, 2.0, 7.0, 2.0]
[11.0, 17.0, 7.0, 12.0, 21.0, 25.0, 3.0, 7.0, 4.0, 24.0, 6.0, 34.0, 19.0, 3.0, 11.0, 3.0, 13.0, 33.0, 17.0, 17.0, 23.0, 6.0, 14.0, 2.0, 20.0, 29.0, 8.0, 25.0]
T = 0.018014398509482003	 step = 761
3
74.23000000000002
10.05674094460227
[15.0, 15.0, 19.0, 11.0, 7.0, 9.0, 9.0, 3.0, 24.0, 14.0, 34.0, 12.0, 19.0, 17.0, 23.0, 3.0, 3.0, 3.0, 8.0, 3.0, 20.0, 13.0, 23.0, 13.0, 3.0, 2.0, 7.0, 2.0]
[11.0, 17.0, 7.0, 12.0, 21.0, 25.0, 3.0, 7.0, 4.0, 24.0, 6.0, 34.0, 19.0, 3.0, 11.0, 3.0, 13.0, 33.0, 17.0, 17.0, 23.0, 6.0, 14.0, 2.0, 20.0, 29.0, 8.0, 25.0]
T = 0.014411518807585602	 step = 801
3
74.23000000000002
10.05674094460227
[15.0, 15.0, 19.0, 11.0, 7.0, 9.0, 9.0, 3.0, 24.0, 14.0, 34.0, 12.0, 19.0, 17.0, 23.0, 3.0, 3.0, 3.0, 8.0, 3.0, 20.0, 13.0, 23.0, 13.0, 3.0, 2.0, 7.0, 2.0]
[11.0, 17.0, 7.0, 12.0, 21.0, 25.0, 3.0, 7.0, 4.0, 24.0, 6.0, 34.0, 19.0, 3.0, 11.0, 3.0, 13.0, 33.0, 17.0, 17.0, 23.0, 6.0, 14.0, 2.0, 20.0, 29.0, 8.0, 25.0]
T = 0.011529215046068483	 step = 841
3
74.23000000000002
10.05674094460227
[15.0, 15.0, 19.0, 11.0, 7.0, 9.0, 9.0, 3.0, 24.0, 14.0, 34.0, 12.0, 19.0, 17.0, 23.0, 3.0, 3.0, 3.0, 8.0, 3.0, 20.0, 13.0, 23.0, 13.0, 3.0, 2.0, 7.0, 2.0]
[11.0, 17.0, 7.0, 12.0, 21.0, 25.0, 3.0, 7.0, 4.0, 24.0, 6.0, 34.0, 19.0, 3.0, 11.0, 3.0, 13.0, 33.0, 17.0, 17.0, 23.0, 6.0, 14.0, 2.0, 20.0, 29.0, 8.0, 25.0]
